# id:9b877039-3a4d-44b2-b835-722ae1b23531
# 20150730_15h:25m
# /home/mweigand/.local/bin/dd_time.py -f data/frequencies.dat --times data/times.dat -d data/data.dat -o results_time --f_lambda 50 --tmi_first_order --tm_i_lambda 5000 --plot
# weighting factors
1.000000000000000000e+00
1.000000000000000000e+00
1.000000000000000000e+00
1.000000000000000000e+00
1.000000000000000000e+00
1.000000000000000000e+00
1.000000000000000000e+00
1.000000000000000000e+00
1.000000000000000000e+00
1.000000000000000000e+00
1.000000000000000000e+00
1.000000000000000000e+00
1.000000000000000000e+00
1.000000000000000000e+00
1.000000000000000000e+00
1.000000000000000000e+00
1.000000000000000000e+00
1.000000000000000000e+00
1.000000000000000000e+00
1.000000000000000000e+00
9.945217028213851052e+01
9.945217028213851052e+01
9.945217028213851052e+01
9.945217028213851052e+01
9.945217028213851052e+01
9.945217028213851052e+01
9.945217028213851052e+01
9.945217028213851052e+01
9.945217028213851052e+01
9.945217028213851052e+01
9.945217028213851052e+01
9.945217028213851052e+01
9.945217028213851052e+01
9.945217028213851052e+01
9.945217028213851052e+01
9.945217028213851052e+01
9.945217028213851052e+01
9.945217028213851052e+01
9.945217028213851052e+01
9.945217028213851052e+01
1.000000000000000000e+00
1.000000000000000000e+00
1.000000000000000000e+00
1.000000000000000000e+00
1.000000000000000000e+00
1.000000000000000000e+00
1.000000000000000000e+00
1.000000000000000000e+00
1.000000000000000000e+00
1.000000000000000000e+00
1.000000000000000000e+00
1.000000000000000000e+00
1.000000000000000000e+00
1.000000000000000000e+00
1.000000000000000000e+00
1.000000000000000000e+00
1.000000000000000000e+00
1.000000000000000000e+00
1.000000000000000000e+00
1.000000000000000000e+00
9.358593476295401103e+01
9.358593476295401103e+01
9.358593476295401103e+01
9.358593476295401103e+01
9.358593476295401103e+01
9.358593476295401103e+01
9.358593476295401103e+01
9.358593476295401103e+01
9.358593476295401103e+01
9.358593476295401103e+01
9.358593476295401103e+01
9.358593476295401103e+01
9.358593476295401103e+01
9.358593476295401103e+01
9.358593476295401103e+01
9.358593476295401103e+01
9.358593476295401103e+01
9.358593476295401103e+01
9.358593476295401103e+01
9.358593476295401103e+01
1.000000000000000000e+00
1.000000000000000000e+00
1.000000000000000000e+00
1.000000000000000000e+00
1.000000000000000000e+00
1.000000000000000000e+00
1.000000000000000000e+00
1.000000000000000000e+00
1.000000000000000000e+00
1.000000000000000000e+00
1.000000000000000000e+00
1.000000000000000000e+00
1.000000000000000000e+00
1.000000000000000000e+00
1.000000000000000000e+00
1.000000000000000000e+00
1.000000000000000000e+00
1.000000000000000000e+00
1.000000000000000000e+00
1.000000000000000000e+00
9.983973549786560397e+01
9.983973549786560397e+01
9.983973549786560397e+01
9.983973549786560397e+01
9.983973549786560397e+01
9.983973549786560397e+01
9.983973549786560397e+01
9.983973549786560397e+01
9.983973549786560397e+01
9.983973549786560397e+01
9.983973549786560397e+01
9.983973549786560397e+01
9.983973549786560397e+01
9.983973549786560397e+01
9.983973549786560397e+01
9.983973549786560397e+01
9.983973549786560397e+01
9.983973549786560397e+01
9.983973549786560397e+01
9.983973549786560397e+01
1.000000000000000000e+00
1.000000000000000000e+00
1.000000000000000000e+00
1.000000000000000000e+00
1.000000000000000000e+00
1.000000000000000000e+00
1.000000000000000000e+00
1.000000000000000000e+00
1.000000000000000000e+00
1.000000000000000000e+00
1.000000000000000000e+00
1.000000000000000000e+00
1.000000000000000000e+00
1.000000000000000000e+00
1.000000000000000000e+00
1.000000000000000000e+00
1.000000000000000000e+00
1.000000000000000000e+00
1.000000000000000000e+00
1.000000000000000000e+00
1.077464120286228706e+02
1.077464120286228706e+02
1.077464120286228706e+02
1.077464120286228706e+02
1.077464120286228706e+02
1.077464120286228706e+02
1.077464120286228706e+02
1.077464120286228706e+02
1.077464120286228706e+02
1.077464120286228706e+02
1.077464120286228706e+02
1.077464120286228706e+02
1.077464120286228706e+02
1.077464120286228706e+02
1.077464120286228706e+02
1.077464120286228706e+02
1.077464120286228706e+02
1.077464120286228706e+02
1.077464120286228706e+02
1.077464120286228706e+02
1.000000000000000000e+00
1.000000000000000000e+00
1.000000000000000000e+00
1.000000000000000000e+00
1.000000000000000000e+00
1.000000000000000000e+00
1.000000000000000000e+00
1.000000000000000000e+00
1.000000000000000000e+00
1.000000000000000000e+00
1.000000000000000000e+00
1.000000000000000000e+00
1.000000000000000000e+00
1.000000000000000000e+00
1.000000000000000000e+00
1.000000000000000000e+00
1.000000000000000000e+00
1.000000000000000000e+00
1.000000000000000000e+00
1.000000000000000000e+00
1.238078363275212439e+02
1.238078363275212439e+02
1.238078363275212439e+02
1.238078363275212439e+02
1.238078363275212439e+02
1.238078363275212439e+02
1.238078363275212439e+02
1.238078363275212439e+02
1.238078363275212439e+02
1.238078363275212439e+02
1.238078363275212439e+02
1.238078363275212439e+02
1.238078363275212439e+02
1.238078363275212439e+02
1.238078363275212439e+02
1.238078363275212439e+02
1.238078363275212439e+02
1.238078363275212439e+02
1.238078363275212439e+02
1.238078363275212439e+02
1.000000000000000000e+00
1.000000000000000000e+00
1.000000000000000000e+00
1.000000000000000000e+00
1.000000000000000000e+00
1.000000000000000000e+00
1.000000000000000000e+00
1.000000000000000000e+00
1.000000000000000000e+00
1.000000000000000000e+00
1.000000000000000000e+00
1.000000000000000000e+00
1.000000000000000000e+00
1.000000000000000000e+00
1.000000000000000000e+00
1.000000000000000000e+00
1.000000000000000000e+00
1.000000000000000000e+00
1.000000000000000000e+00
1.000000000000000000e+00
1.110925746625505752e+02
1.110925746625505752e+02
1.110925746625505752e+02
1.110925746625505752e+02
1.110925746625505752e+02
1.110925746625505752e+02
1.110925746625505752e+02
1.110925746625505752e+02
1.110925746625505752e+02
1.110925746625505752e+02
1.110925746625505752e+02
1.110925746625505752e+02
1.110925746625505752e+02
1.110925746625505752e+02
1.110925746625505752e+02
1.110925746625505752e+02
1.110925746625505752e+02
1.110925746625505752e+02
1.110925746625505752e+02
1.110925746625505752e+02
1.000000000000000000e+00
1.000000000000000000e+00
1.000000000000000000e+00
1.000000000000000000e+00
1.000000000000000000e+00
1.000000000000000000e+00
1.000000000000000000e+00
1.000000000000000000e+00
1.000000000000000000e+00
1.000000000000000000e+00
1.000000000000000000e+00
1.000000000000000000e+00
1.000000000000000000e+00
1.000000000000000000e+00
1.000000000000000000e+00
1.000000000000000000e+00
1.000000000000000000e+00
1.000000000000000000e+00
1.000000000000000000e+00
1.000000000000000000e+00
1.108791509561135769e+02
1.108791509561135769e+02
1.108791509561135769e+02
1.108791509561135769e+02
1.108791509561135769e+02
1.108791509561135769e+02
1.108791509561135769e+02
1.108791509561135769e+02
1.108791509561135769e+02
1.108791509561135769e+02
1.108791509561135769e+02
1.108791509561135769e+02
1.108791509561135769e+02
1.108791509561135769e+02
1.108791509561135769e+02
1.108791509561135769e+02
1.108791509561135769e+02
1.108791509561135769e+02
1.108791509561135769e+02
1.108791509561135769e+02
1.000000000000000000e+00
1.000000000000000000e+00
1.000000000000000000e+00
1.000000000000000000e+00
1.000000000000000000e+00
1.000000000000000000e+00
1.000000000000000000e+00
1.000000000000000000e+00
1.000000000000000000e+00
1.000000000000000000e+00
1.000000000000000000e+00
1.000000000000000000e+00
1.000000000000000000e+00
1.000000000000000000e+00
1.000000000000000000e+00
1.000000000000000000e+00
1.000000000000000000e+00
1.000000000000000000e+00
1.000000000000000000e+00
1.000000000000000000e+00
1.653690792228819362e+02
1.653690792228819362e+02
1.653690792228819362e+02
1.653690792228819362e+02
1.653690792228819362e+02
1.653690792228819362e+02
1.653690792228819362e+02
1.653690792228819362e+02
1.653690792228819362e+02
1.653690792228819362e+02
1.653690792228819362e+02
1.653690792228819362e+02
1.653690792228819362e+02
1.653690792228819362e+02
1.653690792228819362e+02
1.653690792228819362e+02
1.653690792228819362e+02
1.653690792228819362e+02
1.653690792228819362e+02
1.653690792228819362e+02
1.000000000000000000e+00
1.000000000000000000e+00
1.000000000000000000e+00
1.000000000000000000e+00
1.000000000000000000e+00
1.000000000000000000e+00
1.000000000000000000e+00
1.000000000000000000e+00
1.000000000000000000e+00
1.000000000000000000e+00
1.000000000000000000e+00
1.000000000000000000e+00
1.000000000000000000e+00
1.000000000000000000e+00
1.000000000000000000e+00
1.000000000000000000e+00
1.000000000000000000e+00
1.000000000000000000e+00
1.000000000000000000e+00
1.000000000000000000e+00
1.440498826284543554e+02
1.440498826284543554e+02
1.440498826284543554e+02
1.440498826284543554e+02
1.440498826284543554e+02
1.440498826284543554e+02
1.440498826284543554e+02
1.440498826284543554e+02
1.440498826284543554e+02
1.440498826284543554e+02
1.440498826284543554e+02
1.440498826284543554e+02
1.440498826284543554e+02
1.440498826284543554e+02
1.440498826284543554e+02
1.440498826284543554e+02
1.440498826284543554e+02
1.440498826284543554e+02
1.440498826284543554e+02
1.440498826284543554e+02
1.000000000000000000e+00
1.000000000000000000e+00
1.000000000000000000e+00
1.000000000000000000e+00
1.000000000000000000e+00
1.000000000000000000e+00
1.000000000000000000e+00
1.000000000000000000e+00
1.000000000000000000e+00
1.000000000000000000e+00
1.000000000000000000e+00
1.000000000000000000e+00
1.000000000000000000e+00
1.000000000000000000e+00
1.000000000000000000e+00
1.000000000000000000e+00
1.000000000000000000e+00
1.000000000000000000e+00
1.000000000000000000e+00
1.000000000000000000e+00
1.771339000979598381e+02
1.771339000979598381e+02
1.771339000979598381e+02
1.771339000979598381e+02
1.771339000979598381e+02
1.771339000979598381e+02
1.771339000979598381e+02
1.771339000979598381e+02
1.771339000979598381e+02
1.771339000979598381e+02
1.771339000979598381e+02
1.771339000979598381e+02
1.771339000979598381e+02
1.771339000979598381e+02
1.771339000979598381e+02
1.771339000979598381e+02
1.771339000979598381e+02
1.771339000979598381e+02
1.771339000979598381e+02
1.771339000979598381e+02
1.000000000000000000e+00
1.000000000000000000e+00
1.000000000000000000e+00
1.000000000000000000e+00
1.000000000000000000e+00
1.000000000000000000e+00
1.000000000000000000e+00
1.000000000000000000e+00
1.000000000000000000e+00
1.000000000000000000e+00
1.000000000000000000e+00
1.000000000000000000e+00
1.000000000000000000e+00
1.000000000000000000e+00
1.000000000000000000e+00
1.000000000000000000e+00
1.000000000000000000e+00
1.000000000000000000e+00
1.000000000000000000e+00
1.000000000000000000e+00
1.731182679484674054e+02
1.731182679484674054e+02
1.731182679484674054e+02
1.731182679484674054e+02
1.731182679484674054e+02
1.731182679484674054e+02
1.731182679484674054e+02
1.731182679484674054e+02
1.731182679484674054e+02
1.731182679484674054e+02
1.731182679484674054e+02
1.731182679484674054e+02
1.731182679484674054e+02
1.731182679484674054e+02
1.731182679484674054e+02
1.731182679484674054e+02
1.731182679484674054e+02
1.731182679484674054e+02
1.731182679484674054e+02
1.731182679484674054e+02
