-5.875731793510530565e+01
2.669833363677653892e-01
2.951831606212707015e-01
3.310126535271962211e-01
3.720897448511450989e-01
4.187793662913108506e-01
4.718528826863632730e-01
5.322214741543263017e-01
6.009109787408206671e-01
6.790558051150696883e-01
7.678844118119698692e-01
8.686884668884786720e-01
9.827688450947391630e-01
1.111351618154898802e+00
1.255468951408822420e+00
1.415804963045275144e+00
1.592516556643275294e+00
1.785054335616820254e+00
1.992026537283031473e+00
2.211162747620676328e+00
2.439433208998309510e+00
2.673353377597997849e+00
2.909450401809010600e+00
3.144803184689237696e+00
3.377519826872621422e+00
3.607013158801741781e+00
3.833982542966740681e+00
4.060085502626264997e+00
4.287350366765085852e+00
4.517417043505833618e+00
4.750697952966564941e+00
4.985544301363553643e+00
5.217506763943724479e+00
5.438808872608724698e+00
5.638208976719294441e+00
5.801500566307016271e+00
5.912952293820605831e+00
5.957936345284409185e+00
5.926719888551534865e+00
5.818826855095160511e+00
5.646648622759098402e+00
5.436544069128412815e+00
5.226114141800852764e+00
5.057841731608281322e+00
4.971142370349124207e+00
4.995796057558621328e+00
5.148971568482707539e+00
5.436123910262935510e+00
5.854223671790670380e+00
6.394968883844942553e+00
7.045827024276807293e+00
7.787452801617522624e+00
8.586976846758354043e+00
9.388317619021258054e+00
1.010399544481233036e+01
1.061791616947749262e+01
1.081103246605819024e+01
1.061178138746843302e+01
1.004611871065375084e+01
9.241565758948411258e+00
8.367549798047324572e+00
7.556953337475302845e+00
6.869574172732040296e+00
6.305096530914156006e+00
5.829360172044939503e+00
5.386184246942704590e+00
4.891899863921356229e+00
4.221394350614193769e+00
3.200126972302541617e+00
1.629444152124737144e+00
-6.156585083094689992e-01
-3.413385108259614498e+00
-6.272500517936485664e+00
-8.480494823106532465e+00
-9.518704653515008829e+00
-9.358284117191306706e+00
-8.353923766835080755e+00
-6.932554256633416401e+00
-5.390199062267342356e+00
-3.862024460536961357e+00
-2.372898708993265160e+00
-8.924583645231187745e-01
6.275117726328716117e-01
2.229611797055497391e+00
3.933689106421223158e+00
5.722571290118771969e+00
7.532925412478963523e+00
9.257867427328037024e+00
1.076737112692072174e+01
1.194431499622838899e+01
1.272194285997896301e+01
1.310362541433907069e+01
1.315538270000304877e+01
1.297836890072678884e+01
1.267775725064979042e+01
1.234085839663112694e+01
1.202786324937976659e+01
1.177183709774043407e+01
1.158299066260415344e+01
1.145377634478084161e+01
1.136348982916146610e+01
1.128253545060742269e+01
1.117705438442362365e+01
1.101431910163874761e+01
1.076845815745963719e+01
1.042522321756500503e+01
9.984285637034684413e+00
9.458262371258019385e+00
8.868946239826147604e+00
8.242232474149346899e+00
7.603411037906404601e+00
6.973913414569654634e+00
6.369785450182074982e+00
5.801567387586636926e+00
5.275040818979448431e+00
4.792347125228690885e+00
4.353133615762061481e+00
3.955537757023286360e+00
3.596937650089948590e+00
3.274472732561761745e+00
2.985375772293075158e+00
2.727162141784589267e+00
2.497707585420450016e+00
2.295228220767775440e+00
2.118170433034194389e+00
1.965027554238218954e+00
1.834117941017510134e+00
1.723373992397192467e+00
1.630195685944357820e+00
1.551413713327676192e+00
1.483388976577515450e+00
1.422250264564439703e+00
1.364242480215160924e+00
1.306126812270491655e+00
1.245549004580404073e+00
1.181284615010547157e+00
1.113292353185357797e+00
1.042558279160665791e+00
9.707769221423134809e-01
8.999615895799450982e-01
8.320843416909085022e-01
7.688172067288334688e-01
7.114001377006573534e-01
6.606212477633377489e-01
6.168738523193439960e-01
5.802524875253567416e-01
5.506587815995445112e-01
5.278999056512745369e-01
5.117725543923867804e-01
5.021324624809864190e-01
4.989537065425153628e-01
5.023845139806581983e-01
5.128081089234015622e-01
5.309194202318678890e-01
5.578337059475302340e-01
5.952668863473675742e-01
6.460137178665448232e-01
7.166925685053726625e-01
8.410240827405601749e-01
1.268588156713157389e+00
-2.792768454762395436e+00
0.000000000000000000e+00
0.000000000000000000e+00
7.937880738352554033e+01
2.982435848952746937e-01
3.308468298790501194e-01
3.715941120585597446e-01
4.184138327367747934e-01
4.718970673689426576e-01
5.330831078875775120e-01
6.032332108674154370e-01
6.838376823203873300e-01
7.766505742257123757e-01
8.837292047836342590e-01
1.007473903769096069e+00
1.150663690898667824e+00
1.316481657607226907e+00
1.508521418136510306e+00
1.730763790215306130e+00
1.987511828414056936e+00
2.283273912615513268e+00
2.622590502427968318e+00
3.009811780723126162e+00
3.448850739875553018e+00
3.942956899409821858e+00
4.494574496307635059e+00
5.105358288508554665e+00
5.776412537459307828e+00
6.508788787873420745e+00
7.304224229001121671e+00
8.166029635043869916e+00
9.099958476861402801e+00
1.011482981141398341e+01
1.122265881637218854e+01
1.243807444552658126e+01
1.377685245244286705e+01
1.525343497869702247e+01
1.687734799006079811e+01
1.864853596936999480e+01
2.055194432980300689e+01
2.255231687187997380e+01
2.459108890744854392e+01
2.658803363099426775e+01
2.845014941755152904e+01
3.008835925200514794e+01
3.143903829838201602e+01
3.248390831068537210e+01
3.326108494813073690e+01
3.386339474967137164e+01
3.442580920540283529e+01
3.510826280256562626e+01
3.608057857044766337e+01
3.751300195638407331e+01
3.957111162594895148e+01
4.240942495296273762e+01
4.615431494898292186e+01
5.086427670998983075e+01
5.645723787335299448e+01
6.260912252121553223e+01
6.866621630404523557e+01
7.366828742681796882e+01
7.658829356560481472e+01
7.676503817456659817e+01
7.427680015761328036e+01
6.995019644196798936e+01
6.498729109595480224e+01
6.051620427358184173e+01
5.735059633454664407e+01
5.599150135370489778e+01
5.674055483188666926e+01
5.979116377063498078e+01
6.521443792974146447e+01
7.279318903839370591e+01
8.171962363154872833e+01
9.034648002800516053e+01
9.640755317299908711e+01
9.797543276633734877e+01
9.460542934020654116e+01
8.757186537618366629e+01
7.897202488029276424e+01
7.063823024006765650e+01
6.365200438794627047e+01
5.842542870775790931e+01
5.497157690558029941e+01
5.312278245820589717e+01
5.264154342074167658e+01
5.324946167525546059e+01
5.461312838156651139e+01
5.632316326529274164e+01
5.790056042424662763e+01
5.885572223606860831e+01
5.879736312440542179e+01
5.754644942370212846e+01
5.518871834445882030e+01
5.202932544815741522e+01
4.847605865295534500e+01
4.491640101779825756e+01
4.163987794566281764e+01
3.881631802821861044e+01
3.651136723591630329e+01
3.471517823001590841e+01
3.336867920999075920e+01
3.238198373975098576e+01
3.164600778288839678e+01
3.104102439880573883e+01
3.044588470747733311e+01
2.974982766667189082e+01
2.886594467424785648e+01
2.774275262769521078e+01
2.636961390914738246e+01
2.477368990085437872e+01
2.300959882174158366e+01
2.114566757018820908e+01
1.925109178532835585e+01
1.738677003331190463e+01
1.560049520769268838e+01
1.392574371958055224e+01
1.238279337893555265e+01
1.098101492514214073e+01
9.721518399494755158e+00
8.599660551746879378e+00
7.607164461616022777e+00
6.733770416289530658e+00
5.968440116053130851e+00
5.300183753735865366e+00
4.718585740342007284e+00
4.214091481378190451e+00
3.778105097618222885e+00
3.402945671382440196e+00
3.081713890500381581e+00
2.808122376443122903e+00
2.576335279815822332e+00
2.380847053906620658e+00
2.216412838764725279e+00
2.078029678553861004e+00
1.960961336511246600e+00
1.860798293771281919e+00
1.773544879384303385e+00
1.695723748227351280e+00
1.624482806166227533e+00
1.557683432658052425e+00
1.493946270256785169e+00
1.432636012772547929e+00
1.373779595814639265e+00
1.317928611550556184e+00
1.265990518604098725e+00
1.219059684069989657e+00
1.178277060081001082e+00
1.144738131779732271e+00
1.119456634599558242e+00
1.103380892129024460e+00
1.097453647824764289e+00
1.102705867701558873e+00
1.120379211050348545e+00
1.152079123549754058e+00
1.199969841252368496e+00
1.267034481422513181e+00
1.357441186895513852e+00
1.477097432900364993e+00
1.634679047892717563e+00
1.845105387836554200e+00
2.153100320523293476e+00
2.884058822916202303e+00
2.155562408383993045e+01
0.000000000000000000e+00
0.000000000000000000e+00
4.499309523453565163e+00
1.628318197788303223e-01
1.794346042949257480e-01
2.015835974322754964e-01
2.272491940047416392e-01
2.567084826043952717e-01
2.905966504940238337e-01
3.297147442715697707e-01
3.750416004422163496e-01
4.277744727509968925e-01
4.893819569851132201e-01
5.616690238419153047e-01
6.468551146632250948e-01
7.476652228444180537e-01
8.674316214296595717e-01
1.010200164053287608e+00
1.180829777718273021e+00
1.385067492378766474e+00
1.629576078263639261e+00
1.921890807796700074e+00
2.270290839208044531e+00
2.683592525256628392e+00
3.170904070648461470e+00
3.741411955324736027e+00
4.404281485896888171e+00
5.168731877316368184e+00
6.044289630091626009e+00
7.041148963824461759e+00
8.170499325164115589e+00
9.444636604190037588e+00
1.087666090084926651e+01
1.247956814812045678e+01
1.426454663479681528e+01
1.623828383372050155e+01
1.839910406388423070e+01
2.073188965812100548e+01
2.320214442002033195e+01
2.575037140790215062e+01
2.828907585248341405e+01
3.070563947620730261e+01
3.287403628751128792e+01
3.467590532827635741e+01
3.602704865884209795e+01
3.690115746643574113e+01
3.734176229279739800e+01
3.745767766082597205e+01
3.740440999310479242e+01
3.735949829356322027e+01
3.750031936716968772e+01
3.798898033563258281e+01
3.896343255297640695e+01
4.052940754870171247e+01
4.274515320723981660e+01
4.559075064541229239e+01
4.891837247534169819e+01
5.239447262937346750e+01
5.547296123475042862e+01
5.746550981544640280e+01
5.775448397117965982e+01
5.608429056781272237e+01
5.273853466020828051e+01
4.844375808219947288e+01
4.406505007854999434e+01
4.032267402530820277e+01
3.768302376527810083e+01
3.640366690789598181e+01
3.663229786048827208e+01
3.847893347311615031e+01
4.201717291180795399e+01
4.718672447153515748e+01
5.359388583752622282e+01
6.030032518510974882e+01
6.584971959298525235e+01
6.877588649132349019e+01
6.838753703991341126e+01
6.514298216056424451e+01
6.026017221147483838e+01
5.500684826168278363e+01
5.025660076205529236e+01
4.642943089763651443e+01
4.362147285301265498e+01
4.174601827388713104e+01
4.062157134619326371e+01
4.001116895156808795e+01
3.963801775111797099e+01
3.920298012511036490e+01
3.842158244927507127e+01
3.708179537247335844e+01
3.510166130928027428e+01
3.255313186028896411e+01
2.963188398403371338e+01
2.658637213022174706e+01
2.364333902418191968e+01
2.096140502594323607e+01
1.862027327342641314e+01
1.663400925624891613e+01
1.497265449430074113e+01
1.358179126359715383e+01
1.239642298992649216e+01
1.134977793934233148e+01
1.037919719775182159e+01
9.431112558782039912e+00
8.466064482850477191e+00
7.463304873929210714e+00
6.423389421099656715e+00
5.367006142469321617e+00
4.329445491482175612e+00
3.352019291713581595e+00
2.473123495505546998e+00
1.721585842520134690e+00
1.113619332753224000e+00
6.531045327395901268e-01
3.339380834121996600e-01
1.430512506228609482e-01
6.313279016900708029e-02
7.466654983634413156e-02
1.573316537628599576e-01
2.910119984589343289e-01
4.566522917226478739e-01
6.370721707504856113e-01
8.177086515814835366e-01
9.871716149945086727e-01
1.137491875748963821e+00
1.264000525313946355e+00
1.364865261033187949e+00
1.440387511175700297e+00
1.492207896847119741e+00
1.522567762037851935e+00
1.533738451016120052e+00
1.527676171768632685e+00
1.505908216117290976e+00
1.469617211862228601e+00
1.419864202159004662e+00
1.357873628986538961e+00
1.285292534110027418e+00
1.204339646889707183e+00
1.117787477884490954e+00
1.028772323072857375e+00
9.404860012107718603e-01
8.558419657767046829e-01
7.772085842194798033e-01
7.062673330171520547e-01
6.440049595468622101e-01
5.908098150264606829e-01
5.466255647945672536e-01
5.111186699302550096e-01
4.838303115395348186e-01
4.642996031023471915e-01
4.521575560545443295e-01
4.471988803356197195e-01
4.494423363610167144e-01
4.591919105489949970e-01
4.771124306301999241e-01
5.043360749290570766e-01
5.426232412908404967e-01
5.946254628419467281e-01
6.644521477827680656e-01
7.601157688519322164e-01
9.122368574399075669e-01
1.311396474212855878e+00
-1.508051745906513474e+00
0.000000000000000000e+00
0.000000000000000000e+00
7.558969355595523609e+01
1.022533152816862412e-01
1.118988588011404772e-01
1.255043893344520711e-01
1.412687083934827115e-01
1.592981910736313012e-01
1.799439435412608645e-01
2.036457942367064788e-01
2.309301390557294553e-01
2.624248847382659733e-01
2.988781528046047242e-01
3.411789648399832231e-01
3.903786053083280194e-01
4.477103415556626942e-01
5.146034806102761650e-01
5.926853641380347426e-01
6.837619717803278263e-01
7.897649207766477275e-01
9.126512761437055588e-01
1.054245305178724834e+00
1.216021469776507047e+00
1.398848020173204532e+00
1.602739138837350197e+00
1.826692600115364939e+00
2.068704987729930167e+00
2.326042672806671874e+00
2.595797442985769976e+00
2.875679222529292645e+00
3.164916903357628541e+00
3.465078824440581684e+00
3.780605247722945705e+00
4.118865406006477770e+00
4.489591652405700017e+00
4.903580597561685295e+00
5.370586335522453680e+00
5.896405195753295914e+00
6.479340371217112704e+00
7.106604450881626178e+00
7.751740049997124515e+00
8.374587561443824768e+00
8.925257118792551125e+00
9.352515585696608014e+00
9.615013022106211338e+00
9.691776108793348499e+00
9.587870382521401780e+00
9.332894282718662282e+00
8.973149968891647177e+00
8.560895961791104014e+00
8.144529629747765398e+00
7.762058384184200577e+00
7.438162331072639688e+00
7.183803433599145194e+00
6.997193616387065163e+00
6.865867594569863286e+00
6.771117193316023020e+00
6.696893764099876023e+00
6.642932739455709168e+00
6.634526244546634643e+00
6.715142657900408096e+00
6.918380284863800966e+00
7.242843755626005020e+00
7.660819211241509663e+00
8.156332517792463932e+00
8.756479301421649097e+00
9.535024651512458149e+00
1.059808001375284192e+01
1.206697990742355842e+01
1.405837070465487670e+01
1.664729910692219761e+01
1.979734197799398743e+01
2.326422342177725255e+01
2.653699655375429955e+01
2.893560602517553093e+01
2.991298308263168337e+01
2.937693694548215717e+01
2.773684823915711917e+01
2.563973756871895660e+01
2.365959190946398394e+01
2.215480080014042841e+01
2.128668203165595685e+01
2.109522944180319826e+01
2.156095592119822157e+01
2.263306990018421061e+01
2.422914933622344336e+01
2.621822039022170259e+01
2.840209869390264430e+01
3.051341443864874492e+01
3.224751786697677147e+01
3.333082522397834424e+01
3.360151073105388519e+01
3.305992464571527734e+01
3.185852572108682779e+01
3.023903310976461256e+01
2.845427326962468584e+01
2.671057327335191189e+01
2.514368352898976866e+01
2.382085412185652729e+01
2.275504245933923642e+01
2.192062256799243158e+01
2.126599216239810630e+01
2.072295929874901077e+01
2.021486965192220708e+01
1.966550551265822122e+01
1.900939693267655883e+01
1.820207963588504896e+01
1.722722513757268814e+01
1.609772060798597693e+01
1.484994095173330919e+01
1.353333343670826139e+01
1.219912034647219201e+01
1.089152506140944610e+01
9.643121659657083455e+00
8.474050729785354008e+00
7.393813141103322550e+00
6.404210335890780925e+00
5.502355135531544761e+00
4.683143066763761908e+00
3.940952975240996636e+00
3.270595690407773759e+00
2.667670503981867114e+00
2.128544433190882046e+00
1.650156390509138760e+00
1.229790138692621326e+00
8.648867963678696924e-01
5.529084606870071639e-01
2.912347131101000741e-01
7.707219491948080758e-02
-9.262822209699095310e-02
-2.212366189091596880e-01
-3.124753137395686053e-01
-3.704061429843363840e-01
-3.993772700994213665e-01
-4.039441491698880782e-01
-3.887788860090779508e-01
-3.585698197827724698e-01
-3.178989810237453639e-01
-2.710836219055323681e-01
-2.219854489116102059e-01
-1.738180606025707675e-01
-1.290003259502014998e-01
-8.909758961728186932e-02
-5.486626192485744014e-02
-2.638571407587164686e-02
-3.239973214164137971e-03
1.529293548685473070e-02
3.007704052038207010e-02
4.199766999057885641e-02
5.188735671346478284e-02
6.049233438609746827e-02
6.846953257699794904e-02
7.640421604726554961e-02
8.484108751538599336e-02
9.432531449249381694e-02
1.054538784384106975e-01
1.189426182790498387e-01
1.357286781633604278e-01
1.572309416530970338e-01
1.868746281541433518e-01
2.434532729456151401e-01
4.283028919083164965e-01
-5.053487499822040263e+00
0.000000000000000000e+00
0.000000000000000000e+00
-2.494694532334751216e+02
2.563036211533642472e-01
2.853871360652959766e-01
3.203743424329275058e-01
3.602520000800524258e-01
4.056066108404365878e-01
4.572474386943525815e-01
5.161165047429250308e-01
5.832913543812878743e-01
6.599924123573686074e-01
7.475843932969183925e-01
8.475665548601796218e-01
9.615457450617981294e-01
1.091184991555138595e+00
1.238119923892000429e+00
1.403836570750272017e+00
1.589508099595349222e+00
1.795795582841819282e+00
2.022628414959370957e+00
2.268991021878719039e+00
2.532749304844372773e+00
2.810547718326006361e+00
3.097793915047830637e+00
3.388726320174839657e+00
3.676539095041064797e+00
3.953524833741894895e+00
4.211185718681065282e+00
4.440250546635660100e+00
4.630515996724149375e+00
4.770420396336128022e+00
4.846284225630270726e+00
4.841235399983823129e+00
4.733979668127830109e+00
4.497757898556109524e+00
4.100024711268801525e+00
3.503549358931934421e+00
2.669702755171421416e+00
1.564495425681045049e+00
1.672420189890999609e-01
-1.519590713829899187e+00
-3.462475127777864259e+00
-5.595081950753311162e+00
-7.826157703338942895e+00
-1.005720412636801342e+01
-1.220564442389271420e+01
-1.422624407497519172e+01
-1.612443295838872359e+01
-1.795937835341376854e+01
-1.983934921184982159e+01
-2.191427804821177716e+01
-2.436952367851574763e+01
-2.742133389357803708e+01
-3.130926850138493478e+01
-3.627431971046313208e+01
-4.250533034398706889e+01
-5.003775383218389550e+01
-5.861389577199727086e+01
-6.757554738384908433e+01
-7.592517820091515546e+01
-8.265155218867725750e+01
-8.720172933188496245e+01
-8.977901434887857590e+01
-9.125447154080923440e+01
-9.281870485451371167e+01
-9.566265687354746206e+01
-1.008365561563540069e+02
-1.092334496110769493e+02
-1.215495833400481729e+02
-1.380634796941215825e+02
-1.581178360928259394e+02
-1.793858842603324319e+02
-1.974942924606670829e+02
-2.070293501932862910e+02
-2.042241104545450412e+02
-1.894613278429702063e+02
-1.670344578875848640e+02
-1.424022111682799050e+02
-1.196389606223702344e+02
-1.006844093292968978e+02
-8.588132505745082312e+01
-7.476821490409957960e+01
-6.662377992879164879e+01
-6.072451111302612503e+01
-5.642470714148473121e+01
-5.315895280554983060e+01
-5.042935541203608096e+01
-4.781127132545304192e+01
-4.498788073016957156e+01
-4.179814734222908612e+01
-3.826230081021009255e+01
-3.455392799844414498e+01
-3.092215800309272566e+01
-2.760238971303952127e+01
-2.475676090624379100e+01
-2.245868038571963154e+01
-2.070867479388560639e+01
-1.946049381422287894e+01
-1.864297494615474449e+01
-1.817283285264981174e+01
-1.795982430558673570e+01
-1.790822041861428460e+01
-1.791873104357133428e+01
-1.789392978482684526e+01
-1.774801782254531446e+01
-1.741881542041578967e+01
-1.687748030969160595e+01
-1.613135926680886456e+01
-1.521814460542003644e+01
-1.419350910688343959e+01
-1.311697600143268971e+01
-1.204055437646900373e+01
-1.100242946347584905e+01
-1.002555505295710248e+01
-9.119586197892104451e+00
-8.284353027194768515e+00
-7.513520543422913534e+00
-6.797686961164117747e+00
-6.126662918646275102e+00
-5.490973587809477863e+00
-4.882760039439659749e+00
-4.296271567394427393e+00
-3.728084197573977576e+00
-3.177102203180126594e+00
-2.644346570432887233e+00
-2.132534242731409790e+00
-1.645497022595421299e+00
-1.187542417708797871e+00
-7.628799578274225723e-01
-3.752080096752763438e-01
-2.749141367885954423e-02
2.781088747738635902e-01
5.402365222550997714e-01
7.583558237378440481e-01
9.328311153300461456e-01
1.065058518063821680e+00
1.157584491204843857e+00
1.214124051518439273e+00
1.239416576153118399e+00
1.238917061670008479e+00
1.218382845697973949e+00
1.183447831714090626e+00
1.139267450245284863e+00
1.090281702467166269e+00
1.040104028318111773e+00
9.915165917018242681e-01
9.465412303200082533e-01
9.065551047537923068e-01
8.724252003577959158e-01
8.446426297936682204e-01
8.234444797050599618e-01
8.089169200964363426e-01
8.010779022882275058e-01
7.999406895553562435e-01
8.055606378487567554e-01
8.180674562918710535e-01
8.376873785032046271e-01
8.648046679038401408e-01
9.006446434067783002e-01
9.553022348285367116e-01
1.108307303931965748e+00
-2.740954292175246110e+00
0.000000000000000000e+00
0.000000000000000000e+00
8.295516663912260924e+01
3.379112930002037274e-01
3.780467716207880358e-01
4.247221778452825447e-01
4.777904117059250666e-01
5.381926348846377550e-01
6.070538113789325507e-01
6.856791856701960342e-01
7.755765138561798722e-01
8.784775247772103057e-01
9.963550631653106393e-01
1.131431740510890904e+00
1.286174603247758341e+00
1.463269357193652809e+00
1.665567824415958853e+00
1.896004662045314149e+00
2.157485193317043581e+00
2.452756259803123839e+00
2.784285496169047747e+00
3.154187844103262250e+00
3.564245148046651934e+00
4.016058528808486017e+00
4.511351456866208309e+00
5.052410259178685692e+00
5.642621825057148044e+00
6.287057685843144839e+00
6.993059546509527991e+00
7.770790311365516345e+00
8.633710750030054726e+00
9.598920178599534836e+00
1.068726698146171827e+01
1.192309781290923354e+01
1.333346624917908230e+01
1.494654882657098227e+01
1.678892598262038405e+01
1.888134148443132432e+01
2.123269667134053407e+01
2.383255237470294219e+01
2.664342287327592373e+01
2.959550036538693973e+01
3.258750793381892663e+01
3.549707184906658597e+01
3.820144731597086007e+01
4.060500685618251282e+01
4.266581333592256442e+01
4.441276684013395482e+01
4.594842619237038406e+01
4.743867916032318277e+01
4.909517271028729368e+01
5.115712748164469303e+01
5.387580944042902331e+01
5.749919959449734108e+01
6.224800409631026099e+01
6.826866371619556162e+01
7.554823899429851508e+01
8.378951391573075114e+01
9.228607356241091964e+01
9.990362800698093793e+01
1.053050106727271213e+02
1.074408695327066994e+02
1.060653258104116219e+02
1.018962809327250625e+02
9.628719083977000537e+01
9.068287775198413669e+01
8.622779425505378015e+01
8.365527136852347212e+01
8.335178803239085710e+01
8.543579548506485821e+01
8.974317926687014335e+01
9.568558615247191312e+01
1.020540026146754542e+02
1.070055554492554961e+02
1.085520223467062522e+02
1.055244875542182825e+02
9.830895948887530267e+01
8.860491014473393534e+01
7.843104922118814670e+01
6.927795638579593174e+01
6.187391435274580687e+01
5.637094065145120680e+01
5.261289582312755897e+01
5.031916380849210668e+01
4.916748432303386096e+01
4.881217077381982961e+01
4.887712901886498429e+01
4.895595169230659849e+01
4.864256828641444486e+01
4.759899191999039658e+01
4.563888876251809279e+01
4.278204477909941517e+01
3.924077026217887010e+01
3.533924228243279231e+01
3.140834241953882611e+01
2.770557395996853245e+01
2.438294378115823946e+01
2.149499692697620645e+01
1.902611409901222572e+01
1.691974143720909041e+01
1.510137793915511395e+01
1.349418664335466644e+01
1.202920799464379797e+01
1.065242297288104822e+01
9.329794461252483018e+00
8.050005130497694950e+00
6.823756739890995959e+00
5.678783463514136542e+00
4.651129119772612341e+00
3.774901351607518052e+00
3.073487869440505449e+00
2.554555636087307846e+00
2.209536767976416627e+00
2.016736888683645645e+00
1.946386852216264174e+00
1.965967465444862228e+00
2.044632777065125140e+00
2.156164446862618433e+00
2.280383012931430642e+00
2.403252988818493918e+00
2.516066864579613593e+00
2.614124138533568953e+00
2.695277195945422477e+00
2.758627643713040811e+00
2.803550092371764890e+00
2.829117250593427002e+00
2.833916267857006233e+00
2.816188002041641880e+00
2.774186587668481252e+00
2.706641312988367076e+00
2.613203164649746668e+00
2.494774834023161247e+00
2.353656376508084236e+00
2.193484749088980834e+00
2.018991868197872463e+00
1.835637353515551240e+00
1.649180592142585056e+00
1.465247299474725651e+00
1.288932073473247897e+00
1.124470863294035894e+00
9.750148368770084062e-01
8.425309004334025076e-01
7.278375206176690426e-01
6.307601983390753730e-01
5.503687039709603823e-01
4.852472744509839231e-01
4.337523974395907089e-01
3.942269112311436174e-01
3.651570609353171903e-01
3.452747213739115750e-01
3.336170091472467902e-01
3.295598305097513503e-01
3.328423513959677393e-01
3.435983159949529409e-01
3.624096899201845190e-01
3.903999357124376957e-01
4.293899122043143279e-01
4.821510360208947077e-01
5.528123549058960862e-01
6.475739315003892216e-01
7.784833766955046030e-01
1.062779577827299704e+00
-1.297207464867611293e+00
0.000000000000000000e+00
0.000000000000000000e+00
3.888905634108463687e+02
4.214277548442169063e-01
4.729566766492609986e-01
5.312202925455977720e-01
5.972076244642465781e-01
6.721433143397348431e-01
7.573522659498621579e-01
8.543365018276460887e-01
9.647959905390024460e-01
1.090634690807945617e+00
1.233952584405173525e+00
1.397017015918322613e+00
1.582204382861718273e+00
1.791902481622642540e+00
2.028365463644377087e+00
2.293519172047453480e+00
2.588726434185062431e+00
2.914540291500955504e+00
3.270495650999905024e+00
3.655009104539530540e+00
4.065461081843579905e+00
4.498513322817032645e+00
4.950667109522299825e+00
5.419010000711210751e+00
5.902059518572144725e+00
6.400613484278672161e+00
6.918554318158243177e+00
7.463597473682526129e+00
8.047987623398533685e+00
8.689118961080488646e+00
9.410003741883166128e+00
1.023945631256850675e+01
1.121179949409079057e+01
1.236581900891486896e+01
1.374258342738965410e+01
1.538165646830513822e+01
1.731527839651914036e+01
1.956047665631288623e+01
2.210996628898342919e+01
2.492410408521550380e+01
2.792759539075095887e+01
3.101508765368521381e+01
3.406806646077065182e+01
3.698139854710458252e+01
3.969313769343507659e+01
4.220886307517268676e+01
4.461393396917756604e+01
4.707264992416249072e+01
4.981887400866025217e+01
5.314484623268000973e+01
5.739260051301986465e+01
6.294645885718708200e+01
7.021662582149978959e+01
7.959384713061901095e+01
9.134689324552525136e+01
1.054405605335828682e+02
1.212966731351539096e+02
1.376214838285383451e+02
1.525254650733476183e+02
1.640965598750287882e+02
1.712418191967568646e+02
1.742568323022153436e+02
1.747145588048937270e+02
1.748352793963148315e+02
1.768464285769555318e+02
1.826542078999038381e+02
1.937793034647450270e+02
2.113066211445913041e+02
2.355738916934724330e+02
2.654130082023220325e+02
2.970883286446568263e+02
3.238262453423557190e+02
3.374606633893506569e+02
3.325166214331343326e+02
3.098263059169070743e+02
2.759704104121851742e+02
2.391244054383356854e+02
2.053464525303949699e+02
1.775389761857626354e+02
1.562554493284062858e+02
1.408497461787838745e+02
1.302554235563846419e+02
1.233448443644347208e+02
1.190279513799863480e+02
1.162423072883633779e+02
1.139390390407779563e+02
1.111302244741541045e+02
1.070181485813392896e+02
1.011635582096692758e+02
9.359569506470322153e+01
8.477622257347493928e+01
7.541572772743253950e+01
6.623607498678296679e+01
5.779067126429726642e+01
5.039503295165115304e+01
4.414908271006989793e+01
3.900199982440177848e+01
3.481898204045652534e+01
3.143098850424408397e+01
2.866511822090078709e+01
2.636068982839745445e+01
2.437722334398984003e+01
2.259885476834533335e+01
2.093732406201809226e+01
1.933361793371002335e+01
1.775725450879672707e+01
1.620236572654309981e+01
1.468087123665196003e+01
1.321427803080421626e+01
1.182611561054258686e+01
1.053650143388207283e+01
9.359300669511405601e+00
8.301459997177573769e+00
7.363705783438589947e+00
6.541849122672083183e+00
5.828195043533490605e+00
5.212807799876983950e+00
4.684551693001637318e+00
4.231907441214488586e+00
3.843590119432249708e+00
3.508996356549332063e+00
3.218503884969692308e+00
2.963643881139788050e+00
2.737168246795818050e+00
2.533038809540144598e+00
2.346369310588514168e+00
2.173348975764710644e+00
2.011165846749207731e+00
1.857931601518814091e+00
1.712594749845308684e+00
1.574823613612608142e+00
1.444847372527036100e+00
1.323259009291533062e+00
1.210800531312727912e+00
1.108161227989512554e+00
1.015820314780313538e+00
9.339562786614408196e-01
8.624296498727090921e-01
8.008289891492381685e-01
7.485575026233703966e-01
7.049338487874479142e-01
6.692852887546507645e-01
6.410206678975072236e-01
6.196802514679689011e-01
6.049662622498175324e-01
5.967614517921049355e-01
5.951439788542955966e-01
6.004064605402703592e-01
6.130863638986738806e-01
6.340147516148419982e-01
6.643914684367757673e-01
7.058978028418039230e-01
7.608632938360671005e-01
8.325129777730921887e-01
9.253369949746570455e-01
1.045646399076005650e+00
1.202374555493435082e+00
1.407807177598030535e+00
1.676084210178174771e+00
2.192618752561159567e+00
3.428447060525918744e+01
0.000000000000000000e+00
0.000000000000000000e+00
-5.490176495165654842e+02
-1.308145745149147388e-01
-1.450010211101471214e-01
-1.630564846344384478e-01
-1.839398119951596300e-01
-2.079071249916353281e-01
-2.354657382053204628e-01
-2.672448611829025822e-01
-3.040016185984484309e-01
-3.466453204659103449e-01
-3.962674743718253012e-01
-4.541762132337368030e-01
-5.219345513651774127e-01
-6.014014511457332901e-01
-6.947741687213238038e-01
-8.046301577024905782e-01
-9.339674841157830087e-01
-1.086244915819989387e+00
-1.265427106451610939e+00
-1.476046359938365526e+00
-1.723298708089515685e+00
-2.013195359120700800e+00
-2.352787648982612723e+00
-2.750473396835317885e+00
-3.216378362287386494e+00
-3.762795197053137031e+00
-4.404659805374855353e+00
-5.160051068666682283e+00
-6.050705960789493076e+00
-7.102534084379996671e+00
-8.346078156291625305e+00
-9.816786118066467282e+00
-1.155482661893358909e+01
-1.360399475848872441e+01
-1.600905318297041191e+01
-1.881073403580568737e+01
-2.203778436547843000e+01
-2.569614291588973032e+01
-2.975679996858993093e+01
-3.414596106015466148e+01
-3.874294597218330694e+01
-4.339124192573429184e+01
-4.792489640507380244e+01
-5.220632642665812284e+01
-5.616560892650834802e+01
-5.982950692315913699e+01
-6.333274826827217652e+01
-6.691199435240324078e+01
-7.088951513354757594e+01
-7.565501915755667994e+01
-8.164980541664590419e+01
-8.934899722618183660e+01
-9.922680052423248753e+01
-1.116784917832935946e+02
-1.268676280501779274e+02
-1.444855631625952128e+02
-1.634808528545761419e+02
-1.819420767262691641e+02
-1.974009990380176589e+02
-2.076587760385173453e+02
-2.117801731549650981e+02
-2.105797307560397371e+02
-2.062495133770747486e+02
-2.014793415331661492e+02
-1.986998545257456783e+02
-1.997551205964454084e+02
-2.058886760206046915e+02
-2.177583068626320824e+02
-2.352318752437065825e+02
-2.568530387641620791e+02
-2.791656208386506250e+02
-2.966189674612706995e+02
-3.030750091805956004e+02
-2.948813656998039505e+02
-2.732705640726029515e+02
-2.436332331638135713e+02
-2.123450998555131832e+02
-1.840608909622831675e+02
-1.609914381189936421e+02
-1.435291783314962686e+02
-1.311247112211821957e+02
-1.228851105815831346e+02
-1.178507907402748174e+02
-1.150703598723534782e+02
-1.135929893336840024e+02
-1.124651007950516828e+02
-1.107866914749200475e+02
-1.078409884926312401e+02
-1.032525896046720959e+02
-9.708278119297197861e+01
-8.978589274645455021e+01
-8.203370727983383404e+01
-7.449823948904477788e+01
-6.769333797089771565e+01
-6.191721403608685392e+01
-5.727468453521566971e+01
-5.373348763222374203e+01
-5.117902511114991171e+01
-4.945213959254513014e+01
-4.836951069311368201e+01
-4.773317114707520403e+01
-4.733712400045941848e+01
-4.697748307248783561e+01
-4.646893886919301053e+01
-4.566545106579500413e+01
-4.447875973952797324e+01
-4.288720001060397635e+01
-4.093062771038269432e+01
-3.869317840765162941e+01
-3.628029408891730867e+01
-3.379734593234040574e+01
-3.133466055166067576e+01
-2.896017238156911588e+01
-2.671833135464929398e+01
-2.463291852725646436e+01
-2.271161258919907056e+01
-2.095080977373875442e+01
-1.933986970150236573e+01
-1.786446588273093994e+01
-1.650903720429752752e+01
-1.525848492381243204e+01
-1.409927515647169116e+01
-1.302005039087283933e+01
-1.201179955772957442e+01
-1.106763701694823965e+01
-1.018229658272140625e+01
-9.351510153914333046e+00
-8.571457134678439616e+00
-7.838421217387647744e+00
-7.148701791193090571e+00
-6.498745043170828239e+00
-5.885415377866465292e+00
-5.306318831497236488e+00
-4.760094168378969925e+00
-4.246588409930751595e+00
-3.766838641050540559e+00
-3.322812312704925830e+00
-2.916923760558631784e+00
-2.551425291663633743e+00
-2.227825520453308172e+00
-1.946483019761302558e+00
-1.706461123731628504e+00
-1.505643226229480547e+00
-1.341037812432332998e+00
-1.209172293554772182e+00
-1.106483787118861528e+00
-1.029647151149504225e+00
-9.758174139662401103e-01
-9.427930502692305481e-01
-9.291242532061261272e-01
-9.341982341659615940e-01
-9.583361118181699112e-01
-1.002937980505436144e+00
-1.070718755915578413e+00
-1.166092545910046852e+00
-1.295801154057585336e+00
-1.470029800767491679e+00
-1.705272009253633314e+00
-2.038236425887518521e+00
-2.596154543290651873e+00
-1.222903668861796689e+01
0.000000000000000000e+00
0.000000000000000000e+00
4.035133070329388829e+02
-2.503987930246864835e-01
-2.771169167470333150e-01
-3.109276482327061331e-01
-3.496763386667822715e-01
-3.937695845035449338e-01
-4.439694119184878218e-01
-5.011759817108440984e-01
-5.664123720006131180e-01
-6.408241786637347559e-01
-7.256714078707204862e-01
-8.223049124467252113e-01
-9.321192490219232241e-01
-1.056472042799683209e+00
-1.196558746405784746e+00
-1.353232291902983775e+00
-1.526760984358332962e+00
-1.716526358253034346e+00
-1.920675898254842195e+00
-2.135761732002805502e+00
-2.356411378006129098e+00
-2.575084966318641477e+00
-2.781971687983997299e+00
-2.965068093150335926e+00
-3.110467259963556330e+00
-3.202872779075605081e+00
-3.226328525132160507e+00
-3.165114655496736873e+00
-3.004705189533218856e+00
-2.732640064739833008e+00
-2.339175827188455514e+00
-1.817668902854840951e+00
-1.164796194887962599e+00
-3.808696266593969426e-01
5.294266192734653487e-01
1.555635355381390639e+00
2.679533222966767880e+00
3.873162356158310615e+00
5.098156634262274167e+00
6.308033373874089023e+00
7.454733270937374812e+00
8.499156343693137217e+00
9.423160369212979504e+00
1.023884094638383147e+01
1.099146088585190029e+01
1.175538124081221270e+01
1.262602749557473203e+01
1.371286149011385902e+01
1.513745074263717072e+01
1.703795795102269750e+01
1.957831193370118683e+01
2.295757178714996627e+01
2.741174077266705922e+01
3.319536403266543090e+01
4.052465133833837996e+01
4.946479232047718000e+01
5.976765005843542866e+01
7.072632346933448844e+01
8.118436987642141389e+01
8.982225326430449286e+01
9.565741038688014442e+01
9.846025584419049892e+01
9.879760225112832472e+01
9.771286095458631848e+01
9.630484809167505489e+01
9.543287068413786756e+01
9.558689628804461336e+01
9.683779034698858368e+01
9.878188857300074233e+01
1.004762527971259090e+02
1.004880410596475997e+02
9.727072485695930482e+01
8.992233756726086824e+01
7.888928136229544918e+01
6.590717874429773815e+01
5.309639740231908434e+01
4.199889206439433309e+01
3.324180361560458152e+01
2.676287925083897790e+01
2.218212628885218862e+01
1.906246968467417702e+01
1.702552173502791533e+01
1.577648771339479339e+01
1.508991122457281620e+01
1.478540972438047163e+01
1.470693105885878538e+01
1.471196879909708599e+01
1.467350936810607465e+01
1.449297219432654771e+01
1.411654943368034765e+01
1.354399310947052015e+01
1.282238856999295962e+01
1.202659932890703942e+01
1.123567805570324651e+01
1.051484051257656205e+01
9.907068595125245736e+00
9.432704166969507753e+00
9.093043136063627685e+00
8.874601445176821812e+00
8.752520176975586708e+00
8.693161763124734875e+00
8.656845283585568041e+00
8.601789328404052526e+00
8.489683151298166308e+00
8.292100443125782760e+00
7.995823111461852761e+00
7.604907317131370803e+00
7.138420159695790801e+00
6.624644057318107571e+00
6.093980361812079138e+00
5.572941352420812677e+00
5.080652126285833958e+00
4.628005025244519288e+00
4.218734117342748391e+00
3.851417315896554783e+00
3.521589164412475270e+00
3.223481666694283376e+00
2.951215458715239492e+00
2.699467400759658631e+00
2.463742702900617587e+00
2.240404733555578787e+00
2.026592258017601011e+00
1.820109129058167241e+00
1.619328413422493895e+00
1.423125341837305768e+00
1.230842224684280950e+00
1.042284620869082801e+00
8.577416320143527173e-01
6.780115588256308001e-01
5.044033229850697353e-01
3.386827652018808976e-01
1.829449831536322790e-01
3.941520166250711554e-02
-8.979736244363323294e-02
-2.029532087011176600e-01
-2.989001240916167035e-01
-3.772175274630029662e-01
-4.382658981949560939e-01
-4.831394847393255532e-01
-5.135389314947502726e-01
-5.315922781967685751e-01
-5.396561557358126038e-01
-5.401257003967430137e-01
-5.352748395992534824e-01
-5.271404049711492235e-01
-5.174550807396371965e-01
-5.076263803793779061e-01
-4.987528728328527450e-01
-4.916658111486782445e-01
-4.869843466437373536e-01
-4.851748604650651941e-01
-4.866083556986922076e-01
-4.916132322740907057e-01
-5.005235923949413746e-01
-5.137264314036826818e-01
-5.317257416592724439e-01
-5.553781078670994020e-01
-5.878255528912745831e-01
-6.536571155901782504e-01
-1.018927550857640085e+00
-6.779813399093725934e+00
0.000000000000000000e+00
0.000000000000000000e+00
-2.501309570851839510e+02
-3.351394735506829647e-01
-3.714300792712066368e-01
-4.178545515998166593e-01
-4.714554709561724621e-01
-5.330648252677150367e-01
-6.040879142688027059e-01
-6.862761228099145683e-01
-7.817775813379057581e-01
-8.932317890675278704e-01
-1.023888730538047298e+00
-1.177752208150195656e+00
-1.359746599085553953e+00
-1.575901714190308667e+00
-1.833542712157409937e+00
-2.141460921700755193e+00
-2.510027942728143557e+00
-2.951203043703998219e+00
-3.478379672570142134e+00
-4.106030837949248280e+00
-4.849154290207380313e+00
-5.722587447909432967e+00
-6.740342898590157006e+00
-7.915174313710693355e+00
-9.258580361501955736e+00
-1.078136773530857795e+01
-1.249473453011518131e+01
-1.441164471238209899e+01
-1.654809826329817213e+01
-1.892380244192803929e+01
-2.156173107849657100e+01
-2.448610091658309784e+01
-2.771835877342976318e+01
-3.127084905629295974e+01
-3.513799774109926943e+01
-3.928531955851966018e+01
-4.363762012795202594e+01
-4.806955944619328847e+01
-5.240384139402198826e+01
-5.642335242403540008e+01
-5.990157195747691787e+01
-6.264922094044056422e+01
-6.456599599055311955e+01
-6.567964328764830384e+01
-6.615658450990213169e+01
-6.627993875925054112e+01
-6.640563794751308535e+01
-6.691589356662586852e+01
-6.818682371435346568e+01
-7.057668079017975060e+01
-7.442947165737123782e+01
-8.008004431414583735e+01
-8.784089430979858548e+01
-9.794686646476868930e+01
-1.104350328467429421e+02
-1.249564761271138025e+02
-1.405738564756031792e+02
-1.556904361208033549e+02
-1.683051348888087091e+02
-1.766522663815850365e+02
-1.799511462899650098e+02
-1.787722877365594059e+02
-1.747656114415985371e+02
-1.699955424209242949e+02
-1.663396793244143055e+02
-1.651936517859553533e+02
-1.674211212142307090e+02
-1.733558150092973165e+02
-1.826904999296496896e+02
-1.942002061761138805e+02
-2.054519203028881691e+02
-2.129395516666132835e+02
-2.131427131802343524e+02
-2.043064151677587006e+02
-1.876093767980169105e+02
-1.665182276198740112e+02
-1.448969165278368791e+02
-1.254977558242265161e+02
-1.095982475685053430e+02
-9.739069015131551055e+01
-8.850580253116024210e+01
-8.237170677387607043e+01
-7.838176442748422801e+01
-7.593841715574978934e+01
-7.444209413236092132e+01
-7.327748428466840380e+01
-7.183464255542392607e+01
-6.958198508396407078e+01
-6.617369320686350420e+01
-6.153755738000921127e+01
-5.588348272332677169e+01
-4.961539664169123398e+01
-4.318981149266321040e+01
-3.699020326587199037e+01
-3.126187831532956096e+01
-2.610883549539977366e+01
-2.152785580366689544e+01
-1.745338672344054487e+01
-1.379745868700599232e+01
-1.047929145388426520e+01
-7.444567789427480875e+00
-4.675318776321546466e+00
-2.190541388964462044e+00
-3.740613749414478661e-02
1.725542896910958746e+00
3.048903296285487841e+00
3.910170753838038138e+00
4.322921551032088416e+00
4.335273301783182376e+00
4.019940925661380504e+00
3.460787138180876354e+00
2.740515511754360034e+00
1.932121475007875233e+00
1.094560738459371407e+00
2.717912172300884777e-01
-5.060378962795653024e-01
-1.220316529337850397e+00
-1.861362614423711648e+00
-2.425913256018930042e+00
-2.914953751487203704e+00
-3.331985879118093408e+00
-3.681750960806695616e+00
-3.969368892722258124e+00
-4.199825026294234931e+00
-4.377728354869603322e+00
-4.507268995563862291e+00
-4.592309388637971779e+00
-4.636544519280860754e+00
-4.643664297132588104e+00
-4.617457307940497913e+00
-4.561819847541670470e+00
-4.480675519920040983e+00
-4.377851621812922644e+00
-4.256976857890393262e+00
-4.121449626044437764e+00
-3.974486541240551674e+00
-3.819220756415830920e+00
-3.658800549333207641e+00
-3.496446253050677910e+00
-3.335447168240079918e+00
-3.179103619670442527e+00
-3.030633430105567072e+00
-2.893066987681436331e+00
-2.769155082553709235e+00
-2.661311200720106740e+00
-2.571604670089655542e+00
-2.501812868018760128e+00
-2.453531827359967110e+00
-2.428338574702593178e+00
-2.427998024225885842e+00
-2.454712764237143574e+00
-2.511424715736509938e+00
-2.602192645735357246e+00
-2.732689752091843616e+00
-2.910895532766133442e+00
-3.148115541984353172e+00
-3.460692768193496249e+00
-3.874523372742189053e+00
-4.452525554121677942e+00
-5.617881751174280680e+00
-1.691845079112574979e+01
0.000000000000000000e+00
0.000000000000000000e+00
7.254853022448659772e+01
-1.129601884231057340e+00
-1.260206020807785876e+00
-1.414172880696007439e+00
-1.589199894631576626e+00
-1.787884132631312184e+00
-2.013607036235320891e+00
-2.270250450058242109e+00
-2.562192687385334011e+00
-2.894309076575396489e+00
-3.271938154494336004e+00
-3.700792336789326953e+00
-4.186790587659139362e+00
-4.735790462397915235e+00
-5.353203056248645453e+00
-6.043491314984272833e+00
-6.809583450446687891e+00
-7.652278477738860829e+00
-8.569771278956750393e+00
-9.557459681945879026e+00
-1.060818741629887541e+01
-1.171300261903596152e+01
-1.286237835347314729e+01
-1.404769680501072315e+01
-1.526271329287620659e+01
-1.650473678923347620e+01
-1.777537056777411806e+01
-1.908077121916207375e+01
-2.043143002867342517e+01
-2.184144522850983705e+01
-2.332719280491168945e+01
-2.490528588897644724e+01
-2.658976132773549494e+01
-2.838852057518881367e+01
-3.029915718266495972e+01
-3.230446046228018986e+01
-3.436818796743068560e+01
-3.643221352672032509e+01
-3.841677115137942167e+01
-4.022582115020378524e+01
-4.175893498468363418e+01
-4.292909526462773329e+01
-4.368283816812201792e+01
-4.401675612651256841e+01
-4.398443404870278073e+01
-4.369108414950417796e+01
-4.327790921883511999e+01
-4.290170527033731673e+01
-4.271546064098075135e+01
-4.285296322944054737e+01
-4.341645466888977012e+01
-4.446294354181201669e+01
-4.598304597443370056e+01
-4.786740948994339107e+01
-4.986251532407504072e+01
-5.153347873205760266e+01
-5.227493439811770060e+01
-5.142347994820939050e+01
-4.848757240008882974e+01
-4.340636284944964984e+01
-3.665723498873285280e+01
-2.909406331053965289e+01
-2.160800340133883779e+01
-1.483788342549807737e+01
-9.074885123363518602e+00
-4.336453936104600615e+00
-5.064734029947004501e-01
2.533635936314837522e+00
4.807858413369281436e+00
6.189534241136662729e+00
6.410978700353009430e+00
5.179869281368709721e+00
2.391670977568427503e+00
-1.702306544730802784e+00
-6.552374108577119216e+00
-1.157921094667724304e+01
-1.642813006593968339e+01
-2.104072127749212484e+01
-2.557488166042398703e+01
-3.028683990495162348e+01
-3.544176352155537302e+01
-4.125681010442416863e+01
-4.785544655983686368e+01
-5.521594096888904346e+01
-6.311386538934149826e+01
-7.108079467461169543e+01
-7.842063892851581386e+01
-8.432269846551321280e+01
-8.806820979732954413e+01
-8.925705690556728200e+01
-8.794015231108120645e+01
-8.458394536905001360e+01
-7.989438952739070032e+01
-7.460206935105074422e+01
-6.930352625134084121e+01
-6.439382261776759719e+01
-6.007171994172111340e+01
-5.638022888367455465e+01
-5.325325218689114593e+01
-5.055472877492528028e+01
-4.810875433959971303e+01
-4.572485984022156913e+01
-4.322299339912571980e+01
-4.045949808949566773e+01
-3.735062341611916281e+01
-3.388673145614306748e+01
-3.013107928551805870e+01
-2.620225449873503365e+01
-2.224599773859248231e+01
-1.840592867707657732e+01
-1.480151360104153824e+01
-1.151702482138805550e+01
-8.600515386192331135e+00
-6.069226051041987091e+00
-3.917596202394069138e+00
-2.125161361636873636e+00
-6.629859510431934666e-01
5.017118115713259385e-01
1.402560926169194033e+00
2.072308210774309600e+00
2.541995111169370603e+00
2.840712627114605482e+00
2.995643043997020527e+00
3.032150219821616588e+00
2.973769942933301991e+00
2.842067613655352432e+00
2.656429852678776626e+00
2.433896911253619066e+00
2.189114401334180116e+00
1.934415980704429217e+00
1.679989372131984737e+00
1.434057385862885781e+00
1.203024680691555659e+00
9.915795395398774303e-01
8.027743081839844308e-01
6.381241718322883116e-01
4.977591775867651336e-01
3.806445327825258573e-01
2.848590087456415176e-01
2.079011292677179767e-01
1.469847844015603755e-01
9.929088287119469669e-02
6.215493820072026665e-02
3.318540672481162801e-02
1.031923517746946573e-02
-8.172385150828631595e-03
-2.371314272497926368e-02
-3.747202570014707135e-02
-5.042465939020246424e-02
-6.341918086683051570e-02
-7.724435105771476628e-02
-9.270147346640555952e-02
-1.106855100907466749e-01
-1.322853059582129731e-01
-1.589206057994729804e-01
-1.925608361652564327e-01
-2.362667566613296799e-01
-2.971931709527808607e-01
-4.152652597522177302e-01
-1.023088134752825340e+00
-6.520324352741191376e+00
0.000000000000000000e+00
0.000000000000000000e+00
