# id:8ac1a335-d150-405f-9f52-62a9337ac808
# 20170920_09h:41m
# /home/mweigand/.virtualenvs/crtomo/lib/python3.4/site-packages/ipykernel_launcher.py -f /run/user/545/jupyter/kernel-3224dda2-742e-42cf-a554-5518333c92dc.json
# weighting factors, scheme: re_vs_im
1.000000000000000000e+00
1.000000000000000000e+00
1.000000000000000000e+00
1.000000000000000000e+00
1.000000000000000000e+00
1.000000000000000000e+00
1.000000000000000000e+00
1.000000000000000000e+00
1.000000000000000000e+00
1.000000000000000000e+00
1.000000000000000000e+00
1.000000000000000000e+00
1.000000000000000000e+00
1.000000000000000000e+00
1.000000000000000000e+00
1.000000000000000000e+00
1.000000000000000000e+00
1.000000000000000000e+00
1.000000000000000000e+00
1.000000000000000000e+00
9.497453038979059556e+02
9.497453038979059556e+02
9.497453038979059556e+02
9.497453038979059556e+02
9.497453038979059556e+02
9.497453038979059556e+02
9.497453038979059556e+02
9.497453038979059556e+02
9.497453038979059556e+02
9.497453038979059556e+02
9.497453038979059556e+02
9.497453038979059556e+02
9.497453038979059556e+02
9.497453038979059556e+02
9.497453038979059556e+02
9.497453038979059556e+02
9.497453038979059556e+02
9.497453038979059556e+02
9.497453038979059556e+02
9.497453038979059556e+02
