1.000000000000000000e+00
1.000000000000000000e+00
1.000000000000000000e+00
1.000000000000000000e+00
1.000000000000000000e+00
1.000000000000000000e+00
1.000000000000000000e+00
1.000000000000000000e+00
1.000000000000000000e+00
1.000000000000000000e+00
1.000000000000000000e+00
1.000000000000000000e+00
1.000000000000000000e+00
1.000000000000000000e+00
1.000000000000000000e+00
1.000000000000000000e+00
1.000000000000000000e+00
1.000000000000000000e+00
1.000000000000000000e+00
1.000000000000000000e+00
1.000000000000000000e+00
1.000000000000000000e+00
1.000000000000000000e+00
1.000000000000000000e+00
1.000000000000000000e+00
7.815901071928747967e+01
7.815901071928747967e+01
7.815901071928747967e+01
7.815901071928747967e+01
7.815901071928747967e+01
7.815901071928747967e+01
7.815901071928747967e+01
7.815901071928747967e+01
7.815901071928747967e+01
7.815901071928747967e+01
7.815901071928747967e+01
7.815901071928747967e+01
7.815901071928747967e+01
7.815901071928747967e+01
7.815901071928747967e+01
7.815901071928747967e+01
7.815901071928747967e+01
7.815901071928747967e+01
7.815901071928747967e+01
7.815901071928747967e+01
7.815901071928747967e+01
7.815901071928747967e+01
7.815901071928747967e+01
7.815901071928747967e+01
7.815901071928747967e+01
