1.000000000000000021e-03
1.743328822199987282e-03
3.039195382313197771e-03
5.298316906283707765e-03
9.236708571873865695e-03
1.610262027560939099e-02
2.807216203941177018e-02
4.893900918477493700e-02
8.531678524172810196e-02
1.487352107293511694e-01
2.592943797404667072e-01
4.520353656360245331e-01
7.880462815669911913e-01
1.373823795883263754e+00
2.395026619987485894e+00
4.175318936560405092e+00
7.278953843983154037e+00
1.268961003167923351e+01
2.212216291070450325e+01
3.856620421163471946e+01
6.723357536499334230e+01
1.172102297533481732e+02
2.043359717856943689e+02
3.562247890262444230e+02
6.210169418915616006e+02
1.082636733874054016e+03
1.887391822135099574e+03
3.290344562312670860e+03
5.736152510448681824e+03
1.000000000000000000e+04
