-4.886787463294822942e+00
-4.785521640510014052e+00
-4.684255817725203386e+00
-4.582989994940392720e+00
-4.481724172155583830e+00
-4.380458349370773163e+00
-4.279192526585962497e+00
-4.177926703801153607e+00
-4.076660881016342941e+00
-3.975395058231532719e+00
-3.874129235446722053e+00
-3.772863412661912275e+00
-3.671597589877102497e+00
-3.570331767092291830e+00
-3.469065944307482052e+00
-3.367800121522671386e+00
-3.266534298737861608e+00
-3.165268475953051830e+00
-3.064002653168241164e+00
-2.962736830383431386e+00
-2.861471007598621608e+00
-2.760205184813810941e+00
-2.658939362029001163e+00
-2.557673539244190497e+00
-2.456407716459380719e+00
-2.355141893674570941e+00
-2.253876070889760275e+00
-2.152610248104950497e+00
-2.051344425320139830e+00
-1.950078602535330052e+00
-1.848812779750520274e+00
-1.747546956965709608e+00
-1.646281134180899830e+00
-1.545015311396089608e+00
-1.443749488611279386e+00
-1.342483665826469164e+00
-1.241217843041659386e+00
-1.139952020256849163e+00
-1.038686197472038941e+00
-9.374203746872287191e-01
-8.361545519024184969e-01
-7.348887291176087189e-01
-6.336229063327984967e-01
-5.323570835479882746e-01
-4.310912607631780524e-01
-3.298254379783682744e-01
-2.285596151935580522e-01
-1.272937924087478023e-01
-2.602796962393758365e-02
7.523785316087260033e-02
1.765036759456823923e-01
2.777694987304925589e-01
3.790353215153028366e-01
4.803011443001128367e-01
5.815669670849230588e-01
6.828327898697332810e-01
7.840986126545432811e-01
8.853644354393535032e-01
9.866302582241635033e-01
1.087896081008973725e+00
1.189161903793783726e+00
1.290427726578593948e+00
1.391693549363404170e+00
1.492959372148214170e+00
1.594225194933024170e+00
1.695491017717834392e+00
1.796756840502644614e+00
1.898022663287454614e+00
1.999288486072264837e+00
2.100554308857074837e+00
2.201820131641885059e+00
