 2.51200000e-03
 6.31000000e-03
 1.25890000e-02
 1.99530000e-02
 3.16230000e-02
 5.01190000e-02
 7.94330000e-02
 1.25893000e-01
 1.99526000e-01
 3.16228000e-01
 5.01187000e-01
 7.94328000e-01
 1.00000000e+00
 1.25892500e+00
 1.58489300e+00
 1.99526200e+00
 2.51188600e+00
 3.16227800e+00
 3.98107200e+00
 5.01187200e+00
 6.30957300e+00
 7.94328200e+00
 1.00000000e+01
 1.25892540e+01
 1.58489320e+01
 1.99526230e+01
 2.51188640e+01
 3.16227770e+01
 3.98107170e+01
 5.01187230e+01
 6.30957340e+01
 7.94328230e+01
 1.00000000e+02
