9.991697585515123592e+01
9.989700292178439156e+01
9.987216741974349077e+01
9.984126837495395534e+01
9.980280962444818726e+01
9.975493585613466507e+01
9.969536492741427480e+01
9.962132653815051242e+01
9.952952705408169720e+01
9.941617464465021214e+01
9.927711668493095942e+01
9.910815642373584922e+01
9.890561347846079343e+01
9.866714853616664982e+01
9.839276308979253827e+01
9.808571642207255081e+01
9.775294933620185134e+01
9.740461032430560806e+01
9.705255629681136043e+01
9.670816699342142897e+01
9.638017254145194102e+01
9.607316721583606522e+01
9.578708835246990816e+01
9.551747730901104205e+01
9.525609532978882044e+01
9.499150315850546633e+01
9.470942008966970604e+01
9.439293766977912981e+01
9.402292992061876475e+01
9.357926450750001379e+01
9.304358652556517484e+01
9.240422403681118624e+01
9.166269780262288691e+01
9.083933221210891418e+01
8.997383668748152274e+01
8.911796674212719438e+01
8.832225062121837311e+01
8.762342386064732125e+01
8.703865527186873408e+01
8.656749409343611035e+01
-1.099982269756766273e+00
-1.351308344292868613e+00
-1.657154091760607573e+00
-2.027799914736175158e+00
-2.474627044760728811e+00
-3.009742133544324627e+00
-3.645247585871800311e+00
-4.392001536702746733e+00
-5.257695974348903789e+00
-6.244116850398552465e+00
-7.343592346397216808e+00
-8.534958381031509944e+00
-9.779926749090849469e+00
-1.102146683499854163e+01
-1.218638154214412062e+01
-1.319402065163260573e+01
-1.397133886705944583e+01
-1.447133484211101440e+01
-1.468887886553059019e+01
-1.466757595287291061e+01
-1.449480468754600793e+01
-1.428746176530314038e+01
-1.417449212817944115e+01
-1.428191410932171301e+01
-1.472282880318740439e+01
-1.559134096190852148e+01
-1.695707416888526353e+01
-1.885630107462556282e+01
-2.127640771524168173e+01
-2.413278266979912345e+01
-2.724237390480312371e+01
-3.030678942345028659e+01
-3.292688689125914436e+01
-3.466989334299239545e+01
-3.518602767595918124e+01
-3.432885018160774138e+01
-3.220987304580687294e+01
-2.915105979509502632e+01
-2.556710102814495045e+01
-2.184671881387570025e+01
