1.000000000000000021e-02
1.425102670302997795e-02
2.030917620904735751e-02
2.894266124716751709e-02
4.124626382901352278e-02
5.878016072274912240e-02
8.376776400682919843e-02
1.193776641714437009e-01
1.701254279852589257e-01
2.424462017082328336e-01
3.455107294592220102e-01
4.923882631706741342e-01
7.017038286703829453e-01
1.000000000000000000e+00
1.425102670302999197e+00
2.030917620904737042e+00
2.894266124716751598e+00
4.124626382901352528e+00
5.878016072274911963e+00
8.376776400682924617e+00
1.193776641714437048e+01
1.701254279852589235e+01
2.424462017082330689e+01
3.455107294592221479e+01
4.923882631706741364e+01
7.017038286703829897e+01
1.000000000000000000e+02
1.425102670302999286e+02
2.030917620904738783e+02
2.894266124716751847e+02
4.124626382901356578e+02
5.878016072274912176e+02
8.376776400682924759e+02
1.193776641714438256e+03
1.701254279852589207e+03
2.424462017082330931e+03
3.455107294592218295e+03
4.923882631706741449e+03
7.017038286703837002e+03
1.000000000000000000e+04
