1.000000000000000000e+00
1.000000000000000000e+00
1.000000000000000000e+00
1.000000000000000000e+00
1.000000000000000000e+00
1.000000000000000000e+00
1.000000000000000000e+00
1.000000000000000000e+00
1.000000000000000000e+00
1.000000000000000000e+00
1.000000000000000000e+00
1.000000000000000000e+00
1.000000000000000000e+00
1.000000000000000000e+00
1.000000000000000000e+00
1.000000000000000000e+00
1.000000000000000000e+00
1.000000000000000000e+00
1.000000000000000000e+00
1.000000000000000000e+00
1.000000000000000000e+00
1.000000000000000000e+00
1.000000000000000000e+00
1.000000000000000000e+00
1.000000000000000000e+00
1.908274171453974191e+02
1.908274171453974191e+02
1.908274171453974191e+02
1.908274171453974191e+02
1.908274171453974191e+02
1.908274171453974191e+02
1.908274171453974191e+02
1.908274171453974191e+02
1.908274171453974191e+02
1.908274171453974191e+02
1.908274171453974191e+02
1.908274171453974191e+02
1.908274171453974191e+02
1.908274171453974191e+02
1.908274171453974191e+02
1.908274171453974191e+02
1.908274171453974191e+02
1.908274171453974191e+02
1.908274171453974191e+02
1.908274171453974191e+02
1.908274171453974191e+02
1.908274171453974191e+02
1.908274171453974191e+02
1.908274171453974191e+02
1.908274171453974191e+02
