# id:ba235051-0be1-4892-a5d8-ce14ff2f4bb5
# 20190930_13h:27m
# /home/mweigand/.virtualenvs/ccd/bin/ccd_time -f data/frequencies.dat --times data/times.dat -d data/data.dat -o results_no_time --f_lambda 50 --tm_i_lambda 0 --trho0_lambda 0 --plot
# weighting factors, scheme: re_vs_im
1.000000000000000000e+00
1.000000000000000000e+00
1.000000000000000000e+00
1.000000000000000000e+00
1.000000000000000000e+00
1.000000000000000000e+00
1.000000000000000000e+00
1.000000000000000000e+00
1.000000000000000000e+00
1.000000000000000000e+00
1.000000000000000000e+00
1.000000000000000000e+00
1.000000000000000000e+00
1.000000000000000000e+00
1.000000000000000000e+00
1.000000000000000000e+00
1.000000000000000000e+00
1.000000000000000000e+00
1.000000000000000000e+00
1.000000000000000000e+00
9.945216939989327898e+01
9.945216939989327898e+01
9.945216939989327898e+01
9.945216939989327898e+01
9.945216939989327898e+01
9.945216939989327898e+01
9.945216939989327898e+01
9.945216939989327898e+01
9.945216939989327898e+01
9.945216939989327898e+01
9.945216939989327898e+01
9.945216939989327898e+01
9.945216939989327898e+01
9.945216939989327898e+01
9.945216939989327898e+01
9.945216939989327898e+01
9.945216939989327898e+01
9.945216939989327898e+01
9.945216939989327898e+01
9.945216939989327898e+01
1.000000000000000000e+00
1.000000000000000000e+00
1.000000000000000000e+00
1.000000000000000000e+00
1.000000000000000000e+00
1.000000000000000000e+00
1.000000000000000000e+00
1.000000000000000000e+00
1.000000000000000000e+00
1.000000000000000000e+00
1.000000000000000000e+00
1.000000000000000000e+00
1.000000000000000000e+00
1.000000000000000000e+00
1.000000000000000000e+00
1.000000000000000000e+00
1.000000000000000000e+00
1.000000000000000000e+00
1.000000000000000000e+00
1.000000000000000000e+00
9.358593420356162085e+01
9.358593420356162085e+01
9.358593420356162085e+01
9.358593420356162085e+01
9.358593420356162085e+01
9.358593420356162085e+01
9.358593420356162085e+01
9.358593420356162085e+01
9.358593420356162085e+01
9.358593420356162085e+01
9.358593420356162085e+01
9.358593420356162085e+01
9.358593420356162085e+01
9.358593420356162085e+01
9.358593420356162085e+01
9.358593420356162085e+01
9.358593420356162085e+01
9.358593420356162085e+01
9.358593420356162085e+01
9.358593420356162085e+01
1.000000000000000000e+00
1.000000000000000000e+00
1.000000000000000000e+00
1.000000000000000000e+00
1.000000000000000000e+00
1.000000000000000000e+00
1.000000000000000000e+00
1.000000000000000000e+00
1.000000000000000000e+00
1.000000000000000000e+00
1.000000000000000000e+00
1.000000000000000000e+00
1.000000000000000000e+00
1.000000000000000000e+00
1.000000000000000000e+00
1.000000000000000000e+00
1.000000000000000000e+00
1.000000000000000000e+00
1.000000000000000000e+00
1.000000000000000000e+00
9.983973491902543174e+01
9.983973491902543174e+01
9.983973491902543174e+01
9.983973491902543174e+01
9.983973491902543174e+01
9.983973491902543174e+01
9.983973491902543174e+01
9.983973491902543174e+01
9.983973491902543174e+01
9.983973491902543174e+01
9.983973491902543174e+01
9.983973491902543174e+01
9.983973491902543174e+01
9.983973491902543174e+01
9.983973491902543174e+01
9.983973491902543174e+01
9.983973491902543174e+01
9.983973491902543174e+01
9.983973491902543174e+01
9.983973491902543174e+01
1.000000000000000000e+00
1.000000000000000000e+00
1.000000000000000000e+00
1.000000000000000000e+00
1.000000000000000000e+00
1.000000000000000000e+00
1.000000000000000000e+00
1.000000000000000000e+00
1.000000000000000000e+00
1.000000000000000000e+00
1.000000000000000000e+00
1.000000000000000000e+00
1.000000000000000000e+00
1.000000000000000000e+00
1.000000000000000000e+00
1.000000000000000000e+00
1.000000000000000000e+00
1.000000000000000000e+00
1.000000000000000000e+00
1.000000000000000000e+00
1.077464120286228706e+02
1.077464120286228706e+02
1.077464120286228706e+02
1.077464120286228706e+02
1.077464120286228706e+02
1.077464120286228706e+02
1.077464120286228706e+02
1.077464120286228706e+02
1.077464120286228706e+02
1.077464120286228706e+02
1.077464120286228706e+02
1.077464120286228706e+02
1.077464120286228706e+02
1.077464120286228706e+02
1.077464120286228706e+02
1.077464120286228706e+02
1.077464120286228706e+02
1.077464120286228706e+02
1.077464120286228706e+02
1.077464120286228706e+02
1.000000000000000000e+00
1.000000000000000000e+00
1.000000000000000000e+00
1.000000000000000000e+00
1.000000000000000000e+00
1.000000000000000000e+00
1.000000000000000000e+00
1.000000000000000000e+00
1.000000000000000000e+00
1.000000000000000000e+00
1.000000000000000000e+00
1.000000000000000000e+00
1.000000000000000000e+00
1.000000000000000000e+00
1.000000000000000000e+00
1.000000000000000000e+00
1.000000000000000000e+00
1.000000000000000000e+00
1.000000000000000000e+00
1.000000000000000000e+00
1.238078363275212297e+02
1.238078363275212297e+02
1.238078363275212297e+02
1.238078363275212297e+02
1.238078363275212297e+02
1.238078363275212297e+02
1.238078363275212297e+02
1.238078363275212297e+02
1.238078363275212297e+02
1.238078363275212297e+02
1.238078363275212297e+02
1.238078363275212297e+02
1.238078363275212297e+02
1.238078363275212297e+02
1.238078363275212297e+02
1.238078363275212297e+02
1.238078363275212297e+02
1.238078363275212297e+02
1.238078363275212297e+02
1.238078363275212297e+02
1.000000000000000000e+00
1.000000000000000000e+00
1.000000000000000000e+00
1.000000000000000000e+00
1.000000000000000000e+00
1.000000000000000000e+00
1.000000000000000000e+00
1.000000000000000000e+00
1.000000000000000000e+00
1.000000000000000000e+00
1.000000000000000000e+00
1.000000000000000000e+00
1.000000000000000000e+00
1.000000000000000000e+00
1.000000000000000000e+00
1.000000000000000000e+00
1.000000000000000000e+00
1.000000000000000000e+00
1.000000000000000000e+00
1.000000000000000000e+00
1.110925746625505894e+02
1.110925746625505894e+02
1.110925746625505894e+02
1.110925746625505894e+02
1.110925746625505894e+02
1.110925746625505894e+02
1.110925746625505894e+02
1.110925746625505894e+02
1.110925746625505894e+02
1.110925746625505894e+02
1.110925746625505894e+02
1.110925746625505894e+02
1.110925746625505894e+02
1.110925746625505894e+02
1.110925746625505894e+02
1.110925746625505894e+02
1.110925746625505894e+02
1.110925746625505894e+02
1.110925746625505894e+02
1.110925746625505894e+02
1.000000000000000000e+00
1.000000000000000000e+00
1.000000000000000000e+00
1.000000000000000000e+00
1.000000000000000000e+00
1.000000000000000000e+00
1.000000000000000000e+00
1.000000000000000000e+00
1.000000000000000000e+00
1.000000000000000000e+00
1.000000000000000000e+00
1.000000000000000000e+00
1.000000000000000000e+00
1.000000000000000000e+00
1.000000000000000000e+00
1.000000000000000000e+00
1.000000000000000000e+00
1.000000000000000000e+00
1.000000000000000000e+00
1.000000000000000000e+00
1.108791506266724127e+02
1.108791506266724127e+02
1.108791506266724127e+02
1.108791506266724127e+02
1.108791506266724127e+02
1.108791506266724127e+02
1.108791506266724127e+02
1.108791506266724127e+02
1.108791506266724127e+02
1.108791506266724127e+02
1.108791506266724127e+02
1.108791506266724127e+02
1.108791506266724127e+02
1.108791506266724127e+02
1.108791506266724127e+02
1.108791506266724127e+02
1.108791506266724127e+02
1.108791506266724127e+02
1.108791506266724127e+02
1.108791506266724127e+02
1.000000000000000000e+00
1.000000000000000000e+00
1.000000000000000000e+00
1.000000000000000000e+00
1.000000000000000000e+00
1.000000000000000000e+00
1.000000000000000000e+00
1.000000000000000000e+00
1.000000000000000000e+00
1.000000000000000000e+00
1.000000000000000000e+00
1.000000000000000000e+00
1.000000000000000000e+00
1.000000000000000000e+00
1.000000000000000000e+00
1.000000000000000000e+00
1.000000000000000000e+00
1.000000000000000000e+00
1.000000000000000000e+00
1.000000000000000000e+00
1.653690792228818793e+02
1.653690792228818793e+02
1.653690792228818793e+02
1.653690792228818793e+02
1.653690792228818793e+02
1.653690792228818793e+02
1.653690792228818793e+02
1.653690792228818793e+02
1.653690792228818793e+02
1.653690792228818793e+02
1.653690792228818793e+02
1.653690792228818793e+02
1.653690792228818793e+02
1.653690792228818793e+02
1.653690792228818793e+02
1.653690792228818793e+02
1.653690792228818793e+02
1.653690792228818793e+02
1.653690792228818793e+02
1.653690792228818793e+02
1.000000000000000000e+00
1.000000000000000000e+00
1.000000000000000000e+00
1.000000000000000000e+00
1.000000000000000000e+00
1.000000000000000000e+00
1.000000000000000000e+00
1.000000000000000000e+00
1.000000000000000000e+00
1.000000000000000000e+00
1.000000000000000000e+00
1.000000000000000000e+00
1.000000000000000000e+00
1.000000000000000000e+00
1.000000000000000000e+00
1.000000000000000000e+00
1.000000000000000000e+00
1.000000000000000000e+00
1.000000000000000000e+00
1.000000000000000000e+00
1.440498826284543554e+02
1.440498826284543554e+02
1.440498826284543554e+02
1.440498826284543554e+02
1.440498826284543554e+02
1.440498826284543554e+02
1.440498826284543554e+02
1.440498826284543554e+02
1.440498826284543554e+02
1.440498826284543554e+02
1.440498826284543554e+02
1.440498826284543554e+02
1.440498826284543554e+02
1.440498826284543554e+02
1.440498826284543554e+02
1.440498826284543554e+02
1.440498826284543554e+02
1.440498826284543554e+02
1.440498826284543554e+02
1.440498826284543554e+02
1.000000000000000000e+00
1.000000000000000000e+00
1.000000000000000000e+00
1.000000000000000000e+00
1.000000000000000000e+00
1.000000000000000000e+00
1.000000000000000000e+00
1.000000000000000000e+00
1.000000000000000000e+00
1.000000000000000000e+00
1.000000000000000000e+00
1.000000000000000000e+00
1.000000000000000000e+00
1.000000000000000000e+00
1.000000000000000000e+00
1.000000000000000000e+00
1.000000000000000000e+00
1.000000000000000000e+00
1.000000000000000000e+00
1.000000000000000000e+00
1.771339000979598381e+02
1.771339000979598381e+02
1.771339000979598381e+02
1.771339000979598381e+02
1.771339000979598381e+02
1.771339000979598381e+02
1.771339000979598381e+02
1.771339000979598381e+02
1.771339000979598381e+02
1.771339000979598381e+02
1.771339000979598381e+02
1.771339000979598381e+02
1.771339000979598381e+02
1.771339000979598381e+02
1.771339000979598381e+02
1.771339000979598381e+02
1.771339000979598381e+02
1.771339000979598381e+02
1.771339000979598381e+02
1.771339000979598381e+02
1.000000000000000000e+00
1.000000000000000000e+00
1.000000000000000000e+00
1.000000000000000000e+00
1.000000000000000000e+00
1.000000000000000000e+00
1.000000000000000000e+00
1.000000000000000000e+00
1.000000000000000000e+00
1.000000000000000000e+00
1.000000000000000000e+00
1.000000000000000000e+00
1.000000000000000000e+00
1.000000000000000000e+00
1.000000000000000000e+00
1.000000000000000000e+00
1.000000000000000000e+00
1.000000000000000000e+00
1.000000000000000000e+00
1.000000000000000000e+00
1.731182674299562052e+02
1.731182674299562052e+02
1.731182674299562052e+02
1.731182674299562052e+02
1.731182674299562052e+02
1.731182674299562052e+02
1.731182674299562052e+02
1.731182674299562052e+02
1.731182674299562052e+02
1.731182674299562052e+02
1.731182674299562052e+02
1.731182674299562052e+02
1.731182674299562052e+02
1.731182674299562052e+02
1.731182674299562052e+02
1.731182674299562052e+02
1.731182674299562052e+02
1.731182674299562052e+02
1.731182674299562052e+02
1.731182674299562052e+02
