1.000000000000000021e-03
1.263848202934298413e-03
1.597312280060254105e-03
2.018760254679038794e-03
2.551406520031287550e-03
3.224590545296394679e-03
4.075392965871778121e-03
5.150678076168121837e-03
6.509675230458170266e-03
8.227241341700473193e-03
1.039798418481490024e-02
1.314147362611756652e-02
1.660882782627715742e-02
2.099103720108554463e-02
2.652948464431897219e-02
3.352924149249558033e-02
4.237587160604063680e-02
5.355666917706899260e-02
6.768750009458535111e-02
8.554672535565684133e-02
1.081180751076607771e-01
1.366448349295325826e-01
1.726983290659435955e-01
2.182644728397487299e-01
2.758531617629184085e-01
3.486365227678087653e-01
4.406236427773572717e-01
5.568813990945272741e-01
7.038135554931561622e-01
8.895134973108236309e-01
1.124210035062087387e+00
1.420830832533922283e+00
1.795714494371640990e+00
2.269510536694670844e+00
2.868316813342012050e+00
3.625117049988535456e+00
4.581597669054491284e+00
5.790443980602488772e+00
7.318242219076181776e+00
9.249147277217335983e+00
1.168951816498577578e+01
1.477377652598512725e+01
1.867181091291920580e+01
2.359833466782193767e+01
2.982471286216894057e+01
3.769390975388363785e+01
4.763938010401340506e+01
6.020894493336137998e+01
7.609496685459883736e+01
9.617248711152964802e+01
1.215474250076288456e+02
1.536174946671829673e+02
1.941491945743881615e+02
2.453751106639821842e+02
3.101168926574781608e+02
3.919406774847221300e+02
4.953535208959179954e+02
6.260516572014828398e+02
7.912342618981326723e+02
1.000000000000000000e+03
