6.283185307179586614e-03
1.130973355292325469e-02
2.010619298297467578e-02
3.518583772020568434e-02
6.283185307179586787e-02
1.118406984677966370e-01
1.985486557068749380e-01
3.531150142634927325e-01
6.283185307179586232e-01
1.117150347616530537e+00
1.986743194130184964e+00
3.533035098227081505e+00
6.283185307179586232e+00
1.117338843175745744e+01
1.986931689689400571e+01
3.533286425639368389e+01
6.283185307179586232e+01
1.117326276805131613e+02
1.986919123318786262e+02
3.533292708824675401e+02
6.283185307179586516e+02
1.117325648486600812e+03
1.986917866681724718e+03
3.533294593780268315e+03
6.283185307179585834e+03
