1.000000000000000000e+00
1.000000000000000000e+00
1.000000000000000000e+00
1.000000000000000000e+00
1.000000000000000000e+00
1.000000000000000000e+00
1.000000000000000000e+00
1.000000000000000000e+00
1.000000000000000000e+00
1.000000000000000000e+00
1.000000000000000000e+00
1.000000000000000000e+00
1.000000000000000000e+00
1.000000000000000000e+00
1.000000000000000000e+00
1.000000000000000000e+00
1.000000000000000000e+00
1.000000000000000000e+00
1.000000000000000000e+00
1.000000000000000000e+00
1.000000000000000000e+00
1.000000000000000000e+00
1.000000000000000000e+00
1.000000000000000000e+00
1.000000000000000000e+00
1.000000000000000000e+00
1.000000000000000000e+00
1.000000000000000000e+00
1.000000000000000000e+00
1.000000000000000000e+00
1.000000000000000000e+00
1.000000000000000000e+00
1.000000000000000000e+00
1.000000000000000000e+00
1.000000000000000000e+00
1.000000000000000000e+00
1.000000000000000000e+00
1.000000000000000000e+00
1.000000000000000000e+00
1.000000000000000000e+00
6.583526961892076201e+01
6.583526961892076201e+01
6.583526961892076201e+01
6.583526961892076201e+01
6.583526961892076201e+01
6.583526961892076201e+01
6.583526961892076201e+01
6.583526961892076201e+01
6.583526961892076201e+01
6.583526961892076201e+01
6.583526961892076201e+01
6.583526961892076201e+01
6.583526961892076201e+01
6.583526961892076201e+01
6.583526961892076201e+01
6.583526961892076201e+01
6.583526961892076201e+01
6.583526961892076201e+01
6.583526961892076201e+01
6.583526961892076201e+01
6.583526961892076201e+01
6.583526961892076201e+01
6.583526961892076201e+01
6.583526961892076201e+01
6.583526961892076201e+01
6.583526961892076201e+01
6.583526961892076201e+01
6.583526961892076201e+01
6.583526961892076201e+01
6.583526961892076201e+01
6.583526961892076201e+01
6.583526961892076201e+01
6.583526961892076201e+01
6.583526961892076201e+01
6.583526961892076201e+01
6.583526961892076201e+01
6.583526961892076201e+01
6.583526961892076201e+01
6.583526961892076201e+01
6.583526961892076201e+01
