          46          47          62          61
          47          48          63          62
          48          49          64          63
          49          50          65          64
          50          59          66          65
          59          77          76          66
          77          86          88          76
          86          99          98          88
          99         108         110          98
         108         121         120         110
         121         130         132         120
         130         143         142         132
         143         153         154         142
         153         164         165         154
         164         175         176         165
         175         186         187         176
         186         197         198         187
         197         208         209         198
         208         219         220         209
         219         230         231         220
         230         241         242         231
         241         252         253         242
          33          34          47          46
          34          35          48          47
          35          36          49          48
          36          44          50          49
          44          60          59          50
          60          74          77          59
          74          87          86          77
          87          96          99          86
          96         109         108          99
         109         118         121         108
         118         131         130         121
         131         141         143         130
         141         152         153         143
         152         163         164         153
         163         174         175         164
         174         185         186         175
         185         196         197         186
         196         207         208         197
         207         218         219         208
         218         229         230         219
         229         240         241         230
         240         251         252         241
          19          20          34          33
          20          21          35          34
          21          27          36          35
          27          45          44          36
          45          57          60          44
          57          75          74          60
          75          84          87          74
          84          97          96          87
          97         106         109          96
         106         119         118         109
         119         129         131         118
         129         140         141         131
         140         151         152         141
         151         162         163         152
         162         173         174         163
         173         184         185         174
         184         195         196         185
         195         206         207         196
         206         217         218         207
         217         228         229         218
         228         239         240         229
         239         250         251         240
           9          10          20          19
          10          14          21          20
          14          28          27          21
          28          42          45          27
          42          58          57          45
          58          72          75          57
          72          85          84          75
          85          94          97          84
          94         107         106          97
         107         117         119         106
         117         128         129         119
         128         139         140         129
         139         150         151         140
         150         161         162         151
         161         172         173         162
         172         183         184         173
         183         194         195         184
         194         205         206         195
         205         216         217         206
         216         227         228         217
         227         238         239         228
         238         249         250         239
           3           5          10           9
           5          15          14          10
          15          25          28          14
          25          43          42          28
          43          55          58          42
          55          73          72          58
          73          82          85          72
          82          95          94          85
          95         105         107          94
         105         116         117         107
         116         127         128         117
         127         138         139         128
         138         149         150         139
         149         160         161         150
         160         171         172         161
         171         182         183         172
         182         193         194         183
         193         204         205         194
         204         215         216         205
         215         226         227         216
         226         237         238         227
         237         248         249         238
           1           6           5           3
           6          12          15           5
          12          26          25          15
          26          40          43          25
          40          56          55          43
          56          70          73          55
          70          83          82          73
          83          93          95          82
          93         104         105          95
         104         115         116         105
         115         126         127         116
         126         137         138         127
         137         148         149         138
         148         159         160         149
         159         170         171         160
         170         181         182         171
         181         192         193         182
         192         203         204         193
         203         214         215         204
         214         225         226         215
         225         236         237         226
         236         247         248         237
           2           4           6           1
           4          13          12           6
          13          23          26          12
          23          41          40          26
          41          53          56          40
          53          71          70          56
          71          81          83          70
          81          92          93          83
          92         103         104          93
         103         114         115         104
         114         125         126         115
         125         136         137         126
         136         147         148         137
         147         158         159         148
         158         169         170         159
         169         180         181         170
         180         191         192         181
         191         202         203         192
         202         213         214         203
         213         224         225         214
         224         235         236         225
         235         246         247         236
           7           8           4           2
           8          11          13           4
          11          24          23          13
          24          38          41          23
          38          54          53          41
          54          69          71          53
          69          80          81          71
          80          91          92          81
          91         102         103          92
         102         113         114         103
         113         124         125         114
         124         135         136         125
         135         146         147         136
         146         157         158         147
         157         168         169         158
         168         179         180         169
         179         190         191         180
         190         201         202         191
         201         212         213         202
         212         223         224         213
         223         234         235         224
         234         245         246         235
          16          17           8           7
          17          18          11           8
          18          22          24          11
          22          39          38          24
          39          52          54          38
          52          68          69          54
          68          79          80          69
          79          90          91          80
          90         101         102          91
         101         112         113         102
         112         123         124         113
         123         134         135         124
         134         145         146         135
         145         156         157         146
         156         167         168         157
         167         178         179         168
         178         189         190         179
         189         200         201         190
         200         211         212         201
         211         222         223         212
         222         233         234         223
         233         244         245         234
          29          30          17          16
          30          31          18          17
          31          32          22          18
          32          37          39          22
          37          51          52          39
          51          67          68          52
          67          78          79          68
          78          89          90          79
          89         100         101          90
         100         111         112         101
         111         122         123         112
         122         133         134         123
         133         144         145         134
         144         155         156         145
         155         166         167         156
         166         177         178         167
         177         188         189         178
         188         199         200         189
         199         210         211         200
         210         221         222         211
         221         232         233         222
         232         243         244         233
