1.000000000000000021e-03
1.610262027560939316e-03
2.592943797404666934e-03
4.175318936560400325e-03
6.723357536499334659e-03
1.082636733874054596e-02
1.743328822199988193e-02
2.807216203941177018e-02
4.520353656360243111e-02
7.278953843983150540e-02
1.172102297533480497e-01
1.887391822135097708e-01
3.039195382313197857e-01
4.893900918477493978e-01
7.880462815669911913e-01
1.268961003167922152e+00
2.043359717856941593e+00
3.290344562312667698e+00
5.298316906283707439e+00
8.531678524172805922e+00
1.373823795883263799e+01
2.212216291070450325e+01
3.562247890262444372e+01
5.736152510448681596e+01
9.236708571873865026e+01
1.487352107293511665e+02
2.395026619987486072e+02
3.856620421163472088e+02
6.210169418915616006e+02
1.000000000000000000e+03
