6.283185307179586787e-02
8.954184159270189847e-02
1.276063175576075681e-01
1.818521038988789307e-01
2.591579188665105726e-01
3.693266422068318677e-01
5.263283840229961985e-01
7.500719855274339265e-01
1.068929589494617582e+00
1.523334412354666823e+00
2.170907938811084570e+00
3.093766700581654927e+00
4.408935186293411412e+00
6.283185307179586232e+00
8.954184159270198506e+00
1.276063175576076425e+01
1.818521038988789229e+01
2.591579188665106059e+01
3.693266422068318633e+01
5.263283840229964738e+01
7.500719855274340375e+01
1.068929589494617716e+02
1.523334412354668359e+02
2.170907938811085671e+02
3.093766700581655300e+02
4.408935186293412016e+02
6.283185307179586516e+02
8.954184159270199643e+02
1.276063175576077583e+03
1.818521038988789542e+03
2.591579188665108632e+03
3.693266422068319116e+03
5.263283840229964881e+03
7.500719855274347537e+03
1.068929589494617721e+04
1.523334412354668530e+04
2.170907938811083659e+04
3.093766700581655095e+04
4.408935186293416336e+04
6.283185307179586380e+04
