-4.842205025590820000e+00
-4.791890560182014980e+00
-4.741576094773209959e+00
-4.691261629364404939e+00
-4.640947163955599919e+00
-4.590632698546794899e+00
-4.540318233137989878e+00
-4.490003767729184858e+00
-4.439689302320379838e+00
-4.389374836911574818e+00
-4.339060371502769797e+00
-4.288745906093964777e+00
-4.238431440685159757e+00
-4.188116975276354736e+00
-4.137802509867549716e+00
-4.087488044458744696e+00
-4.037173579049939676e+00
-3.986859113641134211e+00
-3.936544648232329191e+00
-3.886230182823524171e+00
-3.835915717414719150e+00
-3.785601252005914130e+00
-3.735286786597109110e+00
-3.684972321188304090e+00
-3.634657855779499069e+00
-3.584343390370694049e+00
-3.534028924961889029e+00
-3.483714459553084009e+00
-3.433399994144278988e+00
-3.383085528735473968e+00
-3.332771063326668948e+00
-3.282456597917863927e+00
-3.232142132509058907e+00
-3.181827667100253887e+00
-3.131513201691448867e+00
-3.081198736282643846e+00
-3.030884270873838826e+00
-2.980569805465033806e+00
-2.930255340056228786e+00
-2.879940874647423765e+00
-2.829626409238618745e+00
-2.779311943829813725e+00
-2.728997478421008704e+00
-2.678683013012203684e+00
-2.628368547603398664e+00
-2.578054082194592755e+00
-2.527739616785787735e+00
-2.477425151376982715e+00
-2.427110685968177695e+00
-2.376796220559372674e+00
-2.326481755150567654e+00
-2.276167289741762634e+00
-2.225852824332957614e+00
-2.175538358924152593e+00
-2.125223893515347573e+00
-2.074909428106542553e+00
-2.024594962697737532e+00
-1.974280497288932512e+00
-1.923966031880127492e+00
-1.873651566471322472e+00
-1.823337101062517451e+00
-1.773022635653712431e+00
-1.722708170244907411e+00
-1.672393704836102390e+00
-1.622079239427297370e+00
-1.571764774018492350e+00
-1.521450308609687330e+00
-1.471135843200882309e+00
-1.420821377792077289e+00
-1.370506912383272269e+00
-1.320192446974467249e+00
-1.269877981565662228e+00
-1.219563516156857208e+00
-1.169249050748052188e+00
-1.118934585339247167e+00
-1.068620119930442147e+00
-1.018305654521637127e+00
-9.679911891128321066e-01
-9.176767237040270864e-01
-8.673622582952220661e-01
-8.170477928864170458e-01
-7.667333274776120255e-01
-7.164188620688070053e-01
-6.661043966600019850e-01
-6.157899312511969647e-01
-5.654754658423919444e-01
-5.151610004335869242e-01
-4.648465350247819039e-01
-4.145320696159768836e-01
-3.642176042071718634e-01
-3.139031387983668431e-01
-2.635886733895617673e-01
-2.132742079807568303e-01
-1.629597425719513659e-01
-1.126452771631462901e-01
-6.233081175434126986e-02
-1.201634634553625305e-02
3.829811906326873600e-02
8.861258447207372158e-02
1.389270498808788112e-01
1.892415152896838038e-01
2.395559806984887685e-01
2.898704461072938443e-01
3.401849115160988646e-01
3.904993769249038849e-01
4.408138423337089051e-01
4.911283077425139254e-01
5.414427731513189457e-01
5.917572385601239660e-01
6.420717039689289862e-01
6.923861693777340065e-01
7.427006347865390268e-01
7.930151001953440471e-01
8.433295656041490673e-01
8.936440310129540876e-01
9.439584964217591079e-01
9.942729618305641281e-01
1.044587427239369370e+00
1.094901892648174391e+00
1.145216358056979411e+00
1.195530823465784431e+00
1.245845288874589452e+00
