1.000000000000000000e+00
1.000000000000000000e+00
1.000000000000000000e+00
1.000000000000000000e+00
1.000000000000000000e+00
1.000000000000000000e+00
1.000000000000000000e+00
1.000000000000000000e+00
1.000000000000000000e+00
1.000000000000000000e+00
1.000000000000000000e+00
1.000000000000000000e+00
1.000000000000000000e+00
1.000000000000000000e+00
1.000000000000000000e+00
1.000000000000000000e+00
1.000000000000000000e+00
1.000000000000000000e+00
1.000000000000000000e+00
1.000000000000000000e+00
1.000000000000000000e+00
1.000000000000000000e+00
1.000000000000000000e+00
1.000000000000000000e+00
1.000000000000000000e+00
8.044988334207238267e+01
8.044988334207238267e+01
8.044988334207238267e+01
8.044988334207238267e+01
8.044988334207238267e+01
8.044988334207238267e+01
8.044988334207238267e+01
8.044988334207238267e+01
8.044988334207238267e+01
8.044988334207238267e+01
8.044988334207238267e+01
8.044988334207238267e+01
8.044988334207238267e+01
8.044988334207238267e+01
8.044988334207238267e+01
8.044988334207238267e+01
8.044988334207238267e+01
8.044988334207238267e+01
8.044988334207238267e+01
8.044988334207238267e+01
8.044988334207238267e+01
8.044988334207238267e+01
8.044988334207238267e+01
8.044988334207238267e+01
8.044988334207238267e+01
