1.000000000000000021e-03
1.799999999999999951e-03
3.200000000000000153e-03
5.599999999999999943e-03
1.000000000000000021e-02
1.779999999999999985e-02
3.160000000000000309e-02
5.619999999999999996e-02
1.000000000000000056e-01
1.778000000000000136e-01
3.161999999999999811e-01
5.623000000000000220e-01
1.000000000000000000e+00
1.778299999999999992e+00
3.162300000000000111e+00
5.623400000000000176e+00
1.000000000000000000e+01
1.778280000000000172e+01
3.162280000000000157e+01
5.623409999999999798e+01
1.000000000000000000e+02
1.778278999999999996e+02
3.162278000000000020e+02
5.623413000000000466e+02
1.000000000000000000e+03
