19.7077 19.7105 19.7082 19.7168 19.7245 19.7241 19.7263 19.7247 19.7241 19.7212 19.7198 19.7192 19.7169 19.7108 -0.2008 -0.1072 0.0251 0.1513 0.2589 0.2554 0.3634 0.3953 0.3912 0.3015 0.2340 0.0527 0.0034 -0.1296
19.7177 19.7205 19.7182 19.7268 19.7341 19.7336 19.7355 19.7338 19.7333 19.7302 19.7288 19.7282 19.7258 19.7195 -0.2009 -0.1077 0.0343 0.1557 0.2678 0.2648 0.3722 0.4065 0.4033 0.3069 0.2394 0.0552 0.0059 -0.1285
19.7376 19.7407 19.7383 19.7467 19.7533 19.7527 19.7540 19.7523 19.7517 19.7482 19.7467 19.7460 19.7434 19.7369 -0.2011 -0.1088 0.0412 0.1725 0.2904 0.2849 0.3904 0.4283 0.4267 0.3177 0.2494 0.0593 0.0102 -0.1265
19.7677 19.7712 19.7686 19.7767 19.7822 19.7811 19.7818 19.7798 19.7792 19.7753 19.7735 19.7728 19.7702 19.7633 -0.2016 -0.1106 0.0469 0.1880 0.3134 0.3181 0.4188 0.4614 0.4603 0.3332 0.2628 0.0648 0.0157 -0.1241
19.8085 19.8124 19.8096 19.8173 19.8208 19.8196 19.8193 19.8171 19.8165 19.8119 19.8099 19.8091 19.8063 19.7991 -0.2022 -0.1133 0.0551 0.2070 0.3452 0.3671 0.4587 0.5069 0.5020 0.3542 0.2790 0.0707 0.0216 -0.1222
19.8602 19.8645 19.8617 19.8686 19.8701 19.8684 19.8670 19.8646 19.8639 19.8585 19.8561 19.8552 19.8523 19.8448 -0.2031 -0.1173 0.0660 0.2391 0.3957 0.4345 0.5107 0.5625 0.5548 0.3794 0.2962 0.0760 0.0270 -0.1215
19.9241 19.9290 19.9254 19.9318 19.9302 19.9282 19.9255 19.9227 19.9220 19.9156 19.9128 19.9117 19.9086 19.9007 -0.2043 -0.1227 0.0773 0.2840 0.4657 0.5212 0.5741 0.6279 0.6189 0.4078 0.3134 0.0791 0.0305 -0.1231
20.0001 20.0055 20.0014 20.0067 20.0017 19.9990 19.9949 19.9917 19.9909 19.9834 19.9800 19.9787 19.9755 19.9672 -0.2059 -0.1302 0.0873 0.3333 0.5445 0.6242 0.6452 0.6983 0.6873 0.4339 0.3290 0.0777 0.0304 -0.1284
20.0891 20.0950 20.0895 20.0941 20.0843 20.0808 20.0751 20.0714 20.0706 20.0618 20.0577 20.0561 20.0528 20.0441 -0.2079 -0.1405 0.0926 0.3844 0.6295 0.7339 0.7145 0.7635 0.7505 0.4516 0.3369 0.0685 0.0233 -0.1398
20.1901 20.1966 20.1891 20.1930 20.1772 20.1727 20.1652 20.1610 20.1600 20.1497 20.1447 20.1429 20.1393 20.1303 -0.2103 -0.1546 0.0871 0.4220 0.6987 0.8299 0.7646 0.8087 0.7932 0.4504 0.3269 0.0457 0.0040 -0.1610
20.3019 20.3088 20.2988 20.3022 20.2790 20.2732 20.2636 20.2586 20.2576 20.2456 20.2395 20.2372 20.2335 20.2242 -0.2131 -0.1742 0.0654 0.4277 0.7231 0.8804 0.7687 0.8086 0.7911 0.4141 0.2855 0.0014 -0.0350 -0.1977
20.4229 20.4301 20.4178 20.4198 20.3884 20.3810 20.3690 20.3632 20.3620 20.3480 20.3407 20.3377 20.3337 20.3242 -0.2163 -0.2013 0.0163 0.3813 0.6750 0.8455 0.6938 0.7295 0.7127 0.3226 0.1976 -0.0741 -0.1024 -0.2560
20.5535 20.5608 20.5463 20.5463 20.5054 20.4960 20.4814 20.4745 20.4731 20.4567 20.4479 20.4441 20.4396 20.4298 -0.2199 -0.2375 -0.0664 0.2610 0.5165 0.6853 0.5072 0.5396 0.5244 0.1540 0.0482 -0.1906 -0.2068 -0.3424
20.6960 20.7032 20.6866 20.6839 20.6315 20.6197 20.6019 20.5938 20.5920 20.5728 20.5624 20.5574 20.5522 20.5422 -0.2239 -0.2844 -0.1898 0.0522 0.2250 0.3665 0.1814 0.2101 0.2028 -0.1066 -0.1766 -0.3561 -0.3553 -0.4618
20.8537 20.8603 20.8420 20.8356 20.7690 20.7541 20.7326 20.7229 20.7209 20.6984 20.6859 20.6795 20.6737 20.6636 -0.2282 -0.3431 -0.3560 -0.2569 -0.2197 -0.1329 -0.3011 -0.2749 -0.2710 -0.4690 -0.4852 -0.5753 -0.5524 -0.6172
21.0285 21.0342 21.0150 21.0034 20.9195 20.9008 20.8750 20.8635 20.8611 20.8349 20.8200 20.8120 20.8057 20.7955 -0.2329 -0.4132 -0.5659 -0.6660 -0.8222 -0.8174 -0.9434 -0.9182 -0.8990 -0.9324 -0.8790 -0.8487 -0.7981 -0.8086
21.2196 21.2240 21.2045 21.1865 21.0822 21.0591 21.0285 21.0150 21.0122 20.9819 20.9643 20.9545 20.9477 20.9378 -0.2379 -0.4928 -0.8145 -1.1627 -1.5626 -1.6655 -1.7252 -1.7007 -1.6639 -1.4821 -1.3464 -1.1683 -1.0859 -1.0308
21.4197 21.4223 21.4038 21.3781 21.2514 21.2241 21.1884 21.1726 21.1695 21.1348 21.1145 21.1027 21.0953 21.0857 -0.2430 -0.5776 -1.0854 -1.7134 -2.3913 -2.6196 -2.5953 -2.5723 -2.5178 -2.0853 -1.8585 -1.5150 -1.3985 -1.2711
21.6151 21.6157 21.5994 21.5650 21.4163 21.3844 21.3437 21.3259 21.3224 21.2836 21.2605 21.2468 21.2391 21.2301 -0.2480 -0.6603 -1.3534 -2.2686 -3.2289 -3.5851 -3.4693 -3.4510 -3.3774 -2.6861 -2.3679 -1.8589 -1.7098 -1.5095
21.7882 21.7867 21.7730 21.7305 21.5620 21.5263 21.4812 21.4617 21.4579 21.4157 21.3902 21.3749 21.3670 21.3588 -0.2526 -0.7326 -1.5895 -2.7549 -3.9664 -4.4479 -4.2461 -4.2334 -4.1435 -3.2178 -2.8194 -2.1644 -1.9872 -1.7218
21.9222 21.9185 21.9074 21.8584 21.6747 21.6362 21.5879 21.5671 21.5632 21.5186 21.4914 21.4749 21.4671 21.4598 -0.2565 -0.7869 -1.7686 -3.1234 -4.5234 -5.1060 -4.8355 -4.8280 -4.7232 -3.6214 -3.1642 -2.3996 -2.2021 -1.8868
22.0044 21.9988 21.9897 21.9368 21.7444 21.7041 21.6542 21.6329 21.6290 21.5834 21.5552 21.5381 21.5308 21.5246 -0.2596 -0.8180 -1.8710 -3.3327 -4.8393 -5.4904 -5.1761 -5.1697 -5.0601 -3.8576 -3.3684 -2.5434 -2.3351 -1.9905
22.0275 22.0201 22.0131 21.9585 21.7654 21.7250 21.6751 21.6540 21.6503 21.6052 21.5770 21.5600 21.5532 21.5482 -0.2617 -0.8232 -1.8888 -3.3678 -4.8890 -5.5677 -5.2388 -5.2339 -5.1268 -3.9063 -3.4160 -2.5852 -2.3772 -2.0261
21.9909 21.9820 21.9766 21.9230 21.7370 21.6980 21.6500 21.6297 21.6263 21.5833 21.5560 21.5398 21.5337 21.5299 -0.2627 -0.8024 -1.8210 -3.2281 -4.6772 -5.3375 -5.0230 -5.0214 -4.9231 -3.7676 -3.3072 -2.5247 -2.3285 -1.9938
21.8996 21.8894 21.8858 21.8351 21.6636 21.6274 21.5826 21.5638 21.5609 21.5212 21.4957 21.4809 21.4758 21.4733 -0.2629 -0.7579 -1.6730 -2.9305 -4.2265 -4.8297 -4.5560 -4.5575 -4.4746 -3.4611 -3.0574 -2.3717 -2.1982 -1.9004
21.7657 21.7545 21.7529 21.7063 21.5550 21.5227 21.4823 21.4654 21.4631 21.4277 21.4045 21.3917 21.3876 21.3864 -0.2624 -0.6950 -1.4722 -2.5051 -3.5908 -4.1059 -3.8935 -3.8981 -3.8359 -3.0225 -2.6972 -2.1468 -2.0038 -1.7593
21.6074 21.5952 21.5958 21.5539 21.4257 21.3982 21.3628 21.3480 21.3463 21.3158 21.2953 21.2847 21.2817 21.2816 -0.2615 -0.6216 -1.2296 -2.0142 -2.8555 -3.2549 -3.1157 -3.1245 -3.0851 -2.5060 -2.2720 -1.8794 -1.7708 -1.5898
21.4444 21.4315 21.4344 21.3972 21.2922 21.2697 21.2394 21.2267 21.2255 21.1998 21.1820 21.1738 21.1720 21.1730 -0.2607 -0.5465 -0.9809 -1.5007 -2.0907 -2.3758 -2.3124 -2.3242 -2.3076 -1.9717 -1.8303 -1.6020 -1.5280 -1.4135
21.2935 21.2799 21.2851 21.2521 21.1687 21.1509 21.1253 21.1144 21.1138 21.0924 21.0770 21.0711 21.0701 21.0720 -0.2604 -0.4773 -0.7470 -1.0167 -1.3757 -1.5524 -1.5596 -1.5744 -1.5780 -1.4703 -1.4152 -1.3420 -1.3001 -1.2488
21.1651 21.1508 21.1584 21.1286 21.0642 21.0500 21.0284 21.0190 21.0188 21.0010 20.9877 20.9838 20.9836 20.9863 -0.2608 -0.4191 -0.5487 -0.5934 -0.7552 -0.8389 -0.9068 -0.9243 -0.9463 -1.0346 -1.0541 -1.1177 -1.1036 -1.1078
21.0644 21.0496 21.0590 21.0318 20.9823 20.9712 20.9528 20.9445 20.9448 20.9295 20.9178 20.9155 20.9160 20.9191 -0.2622 -0.3747 -0.3810 -0.2536 -0.2547 -0.2623 -0.3786 -0.3984 -0.4345 -0.6817 -0.7623 -0.9380 -0.9469 -0.9969
20.9926 20.9773 20.9881 20.9627 20.9244 20.9153 20.8992 20.8916 20.8921 20.8785 20.8679 20.8669 20.8678 20.8713 -0.2644 -0.3454 -0.2571 0.0137 0.1314 0.1683 0.0163 -0.0051 -0.0517 -0.4172 -0.5435 -0.8067 -0.8327 -0.9184
20.9495 20.9339 20.9448 20.9213 20.8894 20.8815 20.8668 20.8595 20.8601 20.8473 20.8374 20.8374 20.8386 20.8423 -0.2678 -0.3323 -0.1666 0.1873 0.3840 0.4523 0.2770 0.2547 0.2027 -0.2419 -0.4010 -0.7248 -0.7617 -0.8730
20.9335 20.9177 20.9280 20.9059 20.8765 20.8687 20.8546 20.8472 20.8479 20.8349 20.8254 20.8260 20.8274 20.8311 -0.2722 -0.3366 -0.1150 0.2790 0.5153 0.5909 0.4040 0.3822 0.3277 -0.1576 -0.3337 -0.6926 -0.7345 -0.8608
20.9440 20.9279 20.9366 20.9156 20.8845 20.8762 20.8617 20.8538 20.8545 20.8407 20.8310 20.8320 20.8333 20.8367 -0.2778 -0.3603 -0.1168 0.2886 0.5283 0.5839 0.3963 0.3763 0.3237 -0.1646 -0.3434 -0.7115 -0.7520 -0.8828
20.9796 20.9631 20.9699 20.9489 20.9130 20.9033 20.8878 20.8790 20.8795 20.8642 20.8540 20.8549 20.8558 20.8586 -0.2847 -0.4058 -0.1716 0.1882 0.3950 0.4281 0.2505 0.2343 0.1874 -0.2670 -0.4324 -0.7830 -0.8162 -0.9407
21.0406 21.0235 21.0281 21.0060 20.9619 20.9504 20.9329 20.9228 20.9231 20.9056 20.8945 20.8949 20.8950 20.8968 -0.2931 -0.4754 -0.2849 -0.0170 0.1211 0.1184 -0.0385 -0.0488 -0.0860 -0.4673 -0.6041 -0.9095 -0.9290 -1.0361
21.1283 21.1103 21.1121 21.0878 21.0317 21.0177 20.9973 20.9855 20.9854 20.9652 20.9528 20.9523 20.9513 20.9516 -0.3030 -0.5710 -0.4558 -0.3304 -0.2956 -0.3506 -0.4755 -0.4773 -0.5009 -0.7690 -0.8614 -1.0929 -1.0923 -1.1701
21.2433 21.2241 21.2223 21.1950 21.1231 21.1053 21.0811 21.0670 21.0665 21.0430 21.0288 21.0271 21.0248 21.0234 -0.3146 -0.6933 -0.7007 -0.7496 -0.8576 -0.9818 -1.0630 -1.0515 -1.0610 -1.1730 -1.2051 -1.3338 -1.3062 -1.3427
21.3851 21.3643 21.3583 21.3269 21.2351 21.2127 21.1837 21.1670 21.1659 21.1385 21.1221 21.1190 21.1150 21.1115 -0.3277 -0.8416 -1.0101 -1.2855 -1.5695 -1.7713 -1.7964 -1.7691 -1.7570 -1.6774 -1.6317 -1.6297 -1.5685 -1.5522
21.5498 21.5272 21.5164 21.4800 21.3650 21.3367 21.3022 21.2823 21.2805 21.2486 21.2298 21.2248 21.2189 21.2131 -0.3420 -1.0124 -1.3823 -1.9229 -2.4166 -2.7006 -2.6578 -2.6117 -2.5759 -2.2676 -2.1293 -1.9735 -1.8724 -1.7935
21.7290 21.7041 21.6882 21.6461 21.5051 21.4706 21.4300 21.4066 21.4041 21.3672 21.3459 21.3386 21.3305 21.3219 -0.3571 -1.1986 -1.8019 -2.6428 -3.3718 -3.7296 -3.6086 -3.5409 -3.4784 -2.9180 -2.6758 -2.3500 -2.2045 -2.0562
21.9082 21.8807 21.8600 21.8113 21.6438 21.6027 21.5556 21.5287 21.5254 21.4835 21.4595 21.4498 21.4395 21.4283 -0.3722 -1.3893 -2.2441 -3.4001 -4.3751 -4.7945 -4.5885 -4.4938 -4.4044 -3.5862 -3.2368 -2.7359 -2.5447 -2.3246
22.0699 22.0395 22.0146 21.9593 21.7668 21.7190 21.6660 21.6356 21.6316 21.5849 21.5585 21.5463 21.5340 21.5204 -0.3861 -1.5718 -2.6737 -4.1411 -5.3529 -5.8184 -5.5249 -5.4005 -5.2843 -4.2232 -3.7717 -3.1035 -2.8687 -2.5802
22.1987 22.1648 22.1363 22.0754 21.8613 21.8071 21.7489 21.7155 21.7109 21.6600 21.6316 21.6170 21.6032 21.5875 -0.3981 -1.7352 -3.0710 -4.8149 -6.2349 -6.7310 -6.3522 -6.1959 -6.0595 -4.7833 -4.2436 -3.4281 -3.1552 -2.8064
22.2831 22.2452 22.2136 22.1487 21.9179 21.8584 21.7962 21.7606 21.7554 21.7012 21.6716 21.6547 21.6396 21.6223 -0.4077 -1.8723 -3.4167 -5.3940 -6.9804 -7.4816 -7.0233 -6.8388 -6.6840 -5.2382 -4.6266 -3.6923 -3.3887 -2.9917
22.3162 22.2741 22.2405 22.1730 21.9323 21.8684 21.8038 21.7666 21.7610 21.7047 21.6746 21.6556 21.6397 21.6213 -0.4146 -1.9796 -3.6937 -5.8546 -7.5494 -8.0400 -7.5112 -7.3033 -7.1358 -5.5678 -4.9054 -3.8866 -3.5611 -3.1296
22.2967 22.2499 22.2158 22.1471 21.9038 21.8368 21.7714 21.7335 21.7277 21.6704 21.6407 21.6198 21.6034 21.5844 -0.4189 -2.0566 -3.9074 -6.1872 -7.9285 -8.3939 -7.8058 -7.5804 -7.4047 -5.7655 -5.0756 -4.0079 -3.6698 -3.2181
22.2279 22.1764 22.1430 22.0744 21.8356 21.7670 21.7022 21.6645 21.6585 21.6016 21.5731 21.5504 21.5338 21.5144 -0.4208 -2.1042 -4.0537 -6.3972 -8.1279 -8.5457 -7.9121 -7.6696 -7.4952 -5.8355 -5.1410 -4.0588 -3.7174 -3.2590
22.1175 22.0616 22.0302 21.9627 21.7344 21.6655 21.6026 21.5658 21.5598 21.5041 21.4777 21.4536 21.4369 21.4175 -0.4206 -2.1248 -4.1294 -6.4837 -8.1397 -8.5128 -7.8493 -7.5948 -7.4228 -5.7921 -5.1143 -4.0477 -3.7113 -3.2581
21.9771 21.9175 21.8891 21.8232 21.6097 21.5418 21.4818 21.4463 21.4404 21.3867 21.3629 21.3377 21.3213 21.3022 -0.4187 -2.1217 -4.1535 -6.4562 -8.0006 -8.3263 -7.6504 -7.3903 -7.2265 -5.6594 -5.0157 -3.9880 -3.6631 -3.2244
21.8207 21.7585 21.7333 21.6697 21.4731 21.4068 21.3501 21.3162 21.3105 21.2592 21.2382 21.2125 21.1967 21.1782 -0.4156 -2.0988 -4.1183 -6.3447 -7.7477 -8.0264 -7.3565 -7.1009 -6.9443 -5.4681 -4.8697 -3.8963 -3.5873 -3.1691
21.6598 21.5964 21.5746 21.5131 21.3344 21.2702 21.2170 21.1849 21.1793 21.1305 21.1124 21.0865 21.0714 21.0537 -0.4118 -2.0606 -4.0352 -6.1558 -7.4049 -7.6539 -7.0073 -6.7610 -6.6147 -5.2458 -4.6997 -3.7880 -3.4971 -3.1024
21.5035 21.4401 21.4217 21.3620 21.2007 21.1390 21.0892 21.0586 21.0532 21.0068 20.9915 20.9659 20.9517 20.9348 -0.4076 -2.0117 -3.9257 -5.9092 -7.0112 -7.2447 -6.6361 -6.4008 -6.2647 -5.0122 -4.5229 -3.6748 -3.4027 -3.0323
21.3577 21.2955 21.2801 21.2219 21.0768 21.0178 20.9710 20.9419 20.9366 20.8923 20.8796 20.8546 20.8414 20.8253 -0.4033 -1.9565 -3.7904 -5.6392 -6.6050 -6.8285 -6.2684 -6.0417 -5.9172 -4.7838 -4.3524 -3.5646 -3.3111 -2.9641
21.2272 21.1668 21.1539 21.0971 20.9662 20.9099 20.8657 20.8379 20.8327 20.7902 20.7797 20.7555 20.7433 20.7281 -0.3993 -1.8997 -3.6456 -5.3640 -6.2100 -6.4308 -5.9242 -5.7053 -5.5915 -4.5737 -4.1965 -3.4638 -3.2271 -2.9016
21.1156 21.0574 21.0465 20.9907 20.8720 20.8180 20.7760 20.7493 20.7442 20.7031 20.6945 20.6711 20.6599 20.6456 -0.3956 -1.8459 -3.5015 -5.1068 -5.8539 -6.0745 -5.6211 -5.4097 -5.3068 -4.3905 -4.0623 -3.3768 -3.1544 -2.8474
21.0267 20.9706 20.9612 20.9061 20.7971 20.7451 20.7049 20.6789 20.6738 20.6339 20.6268 20.6042 20.5939 20.5802 -0.3926 -1.7998 -3.3804 -4.8782 -5.5491 -5.7814 -5.3748 -5.1723 -5.0765 -4.2439 -3.9548 -3.3071 -3.0960 -2.8041
20.9648 20.9103 20.9017 20.8474 20.7448 20.6943 20.6552 20.6297 20.6247 20.5855 20.5795 20.5575 20.5477 20.5346 -0.3905 -1.7659 -3.2851 -4.7094 -5.3295 -5.5718 -5.2003 -5.0035 -4.9134 -4.1413 -3.8792 -3.2584 -3.0549 -2.7737
20.9327 20.8792 20.8710 20.8169 20.7180 20.6680 20.6295 20.6043 20.5993 20.5605 20.5550 20.5333 20.5240 20.5111 -0.3893 -1.7479 -3.2379 -4.6174 -5.2134 -5.4623 -5.1095 -4.9149 -4.8286 -4.0884 -3.8403 -3.2333 -3.0336 -2.7581
19.6977 19.7004 19.6982 19.7068 19.7147 19.7146 19.7170 19.7155 19.7150 19.7122 19.7109 19.7104 19.7081 19.7022 -0.2007 -0.1068 0.0279 0.1425 0.2475 0.2461 0.3546 0.3844 0.3812 0.2952 0.2286 0.0502 0.0008 -0.1309
19.7073 19.7100 19.7080 19.7164 19.7243 19.7239 19.7261 19.7245 19.7239 19.7210 19.7196 19.7191 19.7168 19.7107 -0.2008 -0.1072 0.0313 0.1559 0.2634 0.2548 0.3629 0.3965 0.3922 0.3009 0.2341 0.0525 0.0031 -0.1298
19.7269 19.7299 19.7278 19.7360 19.7431 19.7426 19.7442 19.7425 19.7419 19.7387 19.7372 19.7366 19.7341 19.7278 -0.2010 -0.1083 0.0405 0.1687 0.2825 0.2735 0.3800 0.4165 0.4153 0.3109 0.2437 0.0566 0.0073 -0.1278
19.7564 19.7597 19.7574 19.7654 19.7712 19.7705 19.7714 19.7695 19.7689 19.7652 19.7635 19.7628 19.7602 19.7536 -0.2014 -0.1102 0.0458 0.1820 0.3044 0.3048 0.4069 0.4477 0.4479 0.3254 0.2566 0.0617 0.0126 -0.1258
19.7959 19.7997 19.7973 19.8048 19.8092 19.8080 19.8079 19.8058 19.8052 19.8008 19.7988 19.7981 19.7955 19.7885 -0.2020 -0.1129 0.0532 0.1987 0.3325 0.3517 0.4450 0.4924 0.4874 0.3451 0.2719 0.0670 0.0180 -0.1241
19.8465 19.8508 19.8480 19.8550 19.8570 19.8555 19.8544 19.8520 19.8514 19.8461 19.8438 19.8430 19.8403 19.8329 -0.2029 -0.1170 0.0644 0.2304 0.3823 0.4171 0.4953 0.5463 0.5379 0.3697 0.2881 0.0718 0.0228 -0.1239
19.9084 19.9132 19.9102 19.9162 19.9157 19.9138 19.9115 19.9088 19.9081 19.9019 19.8992 19.8982 19.8953 19.8875 -0.2041 -0.1225 0.0743 0.2753 0.4508 0.5029 0.5579 0.6105 0.6023 0.3970 0.3045 0.0746 0.0260 -0.1257
19.9830 19.9884 19.9846 19.9898 19.9858 19.9835 19.9798 19.9767 19.9759 19.9687 19.9653 19.9641 19.9610 19.9528 -0.2057 -0.1299 0.0838 0.3235 0.5313 0.6078 0.6304 0.6825 0.6720 0.4243 0.3207 0.0735 0.0261 -0.1309
20.0707 20.0766 20.0717 20.0759 20.0676 20.0644 20.0591 20.0555 20.0547 20.0462 20.0421 20.0407 20.0375 20.0290 -0.2077 -0.1398 0.0901 0.3779 0.6219 0.7242 0.7052 0.7528 0.7397 0.4449 0.3312 0.0657 0.0205 -0.1413
20.1715 20.1779 20.1708 20.1747 20.1602 20.1561 20.1489 20.1448 20.1439 20.1339 20.1291 20.1273 20.1239 20.1151 -0.2101 -0.1533 0.0872 0.4193 0.6975 0.8329 0.7659 0.8079 0.7927 0.4497 0.3265 0.0460 0.0040 -0.1605
20.2830 20.2899 20.2805 20.2835 20.2620 20.2565 20.2474 20.2426 20.2415 20.2299 20.2240 20.2218 20.2183 20.2093 -0.2129 -0.1720 0.0682 0.4346 0.7384 0.9004 0.7843 0.8221 0.8051 0.4225 0.2923 0.0062 -0.0310 -0.1942
20.4034 20.4107 20.3986 20.4007 20.3709 20.3639 20.3524 20.3468 20.3456 20.3320 20.3249 20.3221 20.3183 20.3090 -0.2160 -0.1980 0.0226 0.3983 0.7036 0.8823 0.7241 0.7590 0.7396 0.3405 0.2119 -0.0645 -0.0941 -0.2492
20.5321 20.5395 20.5252 20.5254 20.4863 20.4774 20.4633 20.4567 20.4552 20.4393 20.4307 20.4271 20.4229 20.4133 -0.2196 -0.2331 -0.0565 0.2847 0.5564 0.7370 0.5510 0.5810 0.5660 0.1813 0.0700 -0.1760 -0.1941 -0.3324
20.6716 20.6788 20.6627 20.6601 20.6100 20.5988 20.5816 20.5737 20.5720 20.5534 20.5431 20.5384 20.5335 20.5237 -0.2236 -0.2790 -0.1748 0.0837 0.2768 0.4312 0.2376 0.2660 0.2558 -0.0711 -0.1473 -0.3367 -0.3384 -0.4486
20.8263 20.8330 20.8152 20.8089 20.7451 20.7307 20.7100 20.7006 20.6986 20.6767 20.6644 20.6583 20.6529 20.6429 -0.2279 -0.3367 -0.3361 -0.2186 -0.1582 -0.0582 -0.2351 -0.2102 -0.2084 -0.4267 -0.4496 -0.5519 -0.5318 -0.6013
20.9995 21.0053 20.9864 20.9752 20.8943 20.8760 20.8510 20.8397 20.8374 20.8118 20.7972 20.7895 20.7836 20.7737 -0.2326 -0.4065 -0.5460 -0.6241 -0.7554 -0.7409 -0.8747 -0.8511 -0.8327 -0.8880 -0.8413 -0.8238 -0.7764 -0.7917
21.1916 21.1961 21.1770 21.1593 21.0578 21.0353 21.0054 20.9921 20.9894 20.9596 20.9424 20.9328 20.9263 20.9166 -0.2376 -0.4870 -0.7986 -1.1309 -1.5127 -1.6032 -1.6683 -1.6440 -1.6098 -1.4444 -1.3146 -1.1470 -1.0672 -1.0163
21.3963 21.3990 21.3809 21.3553 21.2308 21.2038 21.1687 21.1531 21.1500 21.1158 21.0957 21.0841 21.0770 21.0676 -0.2428 -0.5740 -1.0772 -1.7043 -2.3769 -2.5913 -2.5677 -2.5459 -2.4913 -2.0665 -1.8427 -1.5038 -1.3889 -1.2633
21.5982 21.5988 21.5831 21.5484 21.4011 21.3695 21.3292 21.3115 21.3080 21.2695 21.2465 21.2330 21.2254 21.2165 -0.2479 -0.6599 -1.3588 -2.2834 -3.2572 -3.6015 -3.4809 -3.4630 -3.3898 -2.6929 -2.3731 -1.8614 -1.7122 -1.5108
21.7769 21.7753 21.7622 21.7192 21.5515 21.5158 21.4709 21.4514 21.4476 21.4055 21.3801 21.3648 21.3570 21.3489 -0.2525 -0.7349 -1.6039 -2.7937 -4.0322 -4.4999 -4.2892 -4.2779 -4.1867 -3.2452 -2.8419 -2.1778 -1.9997 -1.7305
21.9139 21.9101 21.8994 21.8500 21.6666 21.6277 21.5796 21.5588 21.5549 21.5103 21.4831 21.4666 21.4590 21.4518 -0.2565 -0.7907 -1.7884 -3.1737 -4.6076 -5.1759 -4.8945 -4.8886 -4.7829 -3.6591 -3.1954 -2.4189 -2.2196 -1.8994
21.9966 21.9909 21.9823 21.9288 21.7368 21.6961 21.6463 21.6250 21.6210 21.5755 21.5473 21.5302 21.5231 21.5170 -0.2596 -0.8223 -1.8931 -3.3858 -4.9266 -5.5639 -5.2387 -5.2351 -5.1214 -3.8981 -3.4016 -2.5640 -2.3538 -2.0039
22.0195 22.0121 22.0052 21.9503 21.7575 21.7167 21.6670 21.6458 21.6421 21.5970 21.5688 21.5518 21.5452 21.5402 -0.2617 -0.8275 -1.9078 -3.4202 -4.9744 -5.6369 -5.2979 -5.2945 -5.1850 -3.9447 -3.4475 -2.6048 -2.3947 -2.0389
21.9815 21.9726 21.9670 21.9136 21.7277 21.6887 21.6408 21.6205 21.6171 21.5741 21.5468 21.5306 21.5246 21.5208 -0.2628 -0.8060 -1.8367 -3.2713 -4.7466 -5.3957 -5.0728 -5.0720 -4.9728 -3.7999 -3.3337 -2.5411 -2.3432 -2.0044
21.8867 21.8767 21.8726 21.8223 21.6513 21.6154 21.5708 21.5520 21.5491 21.5096 21.4841 21.4692 21.4641 21.4615 -0.2629 -0.7600 -1.6886 -2.9598 -4.2778 -4.8668 -4.5872 -4.5899 -4.5055 -3.4812 -3.0737 -2.3816 -2.2070 -1.9066
21.7466 21.7355 21.7336 21.6876 21.5377 21.5059 21.4658 21.4491 21.4467 21.4116 21.3886 21.3758 21.3717 21.3703 -0.2622 -0.6944 -1.4706 -2.5204 -3.6141 -4.1094 -3.8949 -3.9009 -3.8379 -3.0227 -2.6976 -2.1458 -2.0032 -1.7585
21.5811 21.5691 21.5694 21.5283 21.4026 21.3757 21.3409 21.3262 21.3245 21.2945 21.2742 21.2638 21.2608 21.2605 -0.2612 -0.6178 -1.2201 -1.9978 -2.8304 -3.2199 -3.0829 -3.0925 -3.0545 -2.4836 -2.2531 -1.8663 -1.7594 -1.5809
21.4131 21.4003 21.4033 21.3666 21.2651 21.2432 21.2137 21.2011 21.2000 21.1749 21.1574 21.1495 21.1476 21.1485 -0.2604 -0.5406 -0.9655 -1.4679 -2.0406 -2.3135 -2.2555 -2.2683 -2.2526 -1.9333 -1.7984 -1.5803 -1.5088 -1.3990
21.2609 21.2474 21.2529 21.2203 21.1409 21.1233 21.0985 21.0878 21.0872 21.0664 21.0514 21.0458 21.0450 21.0468 -0.2601 -0.4710 -0.7322 -0.9788 -1.3160 -1.4809 -1.4951 -1.5102 -1.5156 -1.4270 -1.3794 -1.3179 -1.2786 -1.2325
21.1340 21.1199 21.1278 21.0982 21.0376 21.0238 21.0029 20.9937 20.9936 20.9763 20.9634 20.9597 20.9597 20.9623 -0.2605 -0.4137 -0.5301 -0.5653 -0.7056 -0.7726 -0.8476 -0.8659 -0.8895 -0.9952 -1.0216 -1.0956 -1.0838 -1.0930
21.0361 21.0215 21.0313 21.0042 20.9582 20.9473 20.9295 20.9213 20.9216 20.9069 20.8955 20.8934 20.8941 20.8972 -0.2619 -0.3707 -0.3743 -0.2233 -0.2076 -0.2081 -0.3309 -0.3497 -0.3881 -0.6502 -0.7357 -0.9203 -0.9310 -0.9849
20.9676 20.9525 20.9631 20.9383 20.9026 20.8938 20.8783 20.8708 20.8714 20.8583 20.8480 20.8471 20.8480 20.8515 -0.2643 -0.3428 -0.2447 0.0264 0.1604 0.2099 0.0523 0.0307 -0.0176 -0.3941 -0.5243 -0.7932 -0.8206 -0.9094
20.9266 20.9112 20.9221 20.8990 20.8696 20.8621 20.8478 20.8407 20.8414 20.8290 20.8194 20.8194 20.8206 20.8241 -0.2676 -0.3303 -0.1584 0.2023 0.4118 0.4843 0.3042 0.2815 0.2280 -0.2250 -0.3861 -0.7143 -0.7525 -0.8660
20.9125 20.8970 20.9067 20.8855 20.8579 20.8506 20.8369 20.8297 20.8304 20.8178 20.8085 20.8091 20.8104 20.8139 -0.2720 -0.3343 -0.1179 0.2962 0.5413 0.6182 0.4270 0.4049 0.3499 -0.1426 -0.3210 -0.6835 -0.7263 -0.8546
20.9233 20.9076 20.9157 20.8956 20.8662 20.8584 20.8444 20.8367 20.8374 20.8239 20.8145 20.8154 20.8166 20.8199 -0.2775 -0.3569 -0.1153 0.2951 0.5407 0.6111 0.4196 0.3986 0.3457 -0.1493 -0.3300 -0.7017 -0.7433 -0.8761
20.9582 20.9421 20.9484 20.9283 20.8942 20.8851 20.8700 20.8614 20.8619 20.8469 20.8370 20.8378 20.8387 20.8414 -0.2843 -0.4008 -0.1665 0.2003 0.4145 0.4593 0.2781 0.2608 0.2139 -0.2477 -0.4164 -0.7714 -0.8057 -0.9325
21.0174 21.0006 21.0051 20.9836 20.9418 20.9308 20.9137 20.9039 20.9042 20.8871 20.8762 20.8766 20.8767 20.8784 -0.2926 -0.4685 -0.2727 -0.0022 0.1454 0.1569 -0.0036 -0.0137 -0.0529 -0.4431 -0.5834 -0.8950 -0.9161 -1.0259
21.1025 21.0848 21.0868 21.0630 21.0098 20.9961 20.9762 20.9647 20.9646 20.9448 20.9326 20.9322 20.9313 20.9317 -0.3023 -0.5620 -0.4488 -0.3035 -0.2630 -0.3029 -0.4316 -0.4336 -0.4599 -0.7377 -0.8360 -1.0748 -1.0763 -1.1576
21.2151 21.1961 21.1948 21.1677 21.0991 21.0817 21.0581 21.0444 21.0439 21.0208 21.0069 21.0053 21.0031 21.0019 -0.3137 -0.6824 -0.6913 -0.7242 -0.8239 -0.9254 -1.0105 -1.0007 -1.0109 -1.1362 -1.1749 -1.3123 -1.2874 -1.3280
21.3556 21.3350 21.3295 21.2984 21.2101 21.1878 21.1595 21.1432 21.1421 21.1150 21.0991 21.0960 21.0922 21.0890 -0.3266 -0.8296 -1.0012 -1.2590 -1.5362 -1.7108 -1.7399 -1.7122 -1.7036 -1.6370 -1.5994 -1.6068 -1.5485 -1.5365
21.5212 21.4987 21.4885 21.4523 21.3405 21.3126 21.2787 21.2592 21.2574 21.2258 21.2074 21.2024 21.1968 21.1911 -0.3411 -1.0010 -1.3727 -1.9032 -2.3924 -2.6460 -2.6068 -2.5632 -2.5270 -2.2313 -2.1002 -1.9525 -1.8542 -1.7793
21.7042 21.6795 21.6642 21.6220 21.4837 21.4495 21.4093 21.3862 21.3837 21.3471 21.3261 21.3188 21.3110 21.3026 -0.3564 -1.1900 -1.7991 -2.6383 -3.3707 -3.6928 -3.5746 -3.5088 -3.4469 -2.8931 -2.6567 -2.3358 -2.1922 -2.0464
21.8889 21.8616 21.8414 21.7925 21.6268 21.5859 21.5392 21.5124 21.5092 21.4674 21.4436 21.4340 21.4239 21.4129 -0.3717 -1.3846 -2.2480 -3.4142 -4.4027 -4.7805 -4.5766 -4.4831 -4.3932 -3.5777 -3.2309 -2.7308 -2.5402 -2.3209
22.0550 22.0249 22.0002 21.9447 21.7534 21.7056 21.6528 21.6225 21.6185 21.5718 21.5456 21.5335 21.5215 21.5079 -0.3858 -1.5696 -2.6881 -4.1611 -5.3926 -5.8187 -5.5279 -5.4039 -5.2887 -4.2255 -3.7753 -3.1050 -2.8702 -2.5810
22.1854 22.1520 22.1235 22.0624 21.8491 21.7951 21.7370 21.7038 21.6991 21.6482 21.6200 21.6055 21.5919 21.5763 -0.3979 -1.7331 -3.0835 -4.8367 -6.2763 -6.7315 -6.3573 -6.2026 -6.0650 -4.7888 -4.2500 -3.4317 -3.1586 -2.8088
22.2691 22.2320 22.2004 22.1353 21.9054 21.8460 21.7840 21.7484 21.7432 21.6890 21.6596 21.6429 21.6281 21.6110 -0.4074 -1.8684 -3.4192 -5.4002 -7.0020 -7.4707 -7.0200 -6.8357 -6.6818 -5.2389 -4.6298 -3.6943 -3.3909 -2.9932
22.3006 22.2593 22.2256 22.1582 21.9184 21.8549 21.7905 21.7534 21.7478 21.6915 21.6617 21.6429 21.6273 21.6090 -0.4142 -1.9729 -3.6854 -5.8428 -7.5479 -8.0115 -7.4938 -7.2894 -7.1199 -5.5611 -4.9028 -3.8850 -3.5602 -3.1289
22.2785 22.2327 22.1985 22.1300 21.8880 21.8215 21.7563 21.7186 21.7128 21.6556 21.6262 21.6056 21.5895 21.5706 -0.4184 -2.0467 -3.8873 -6.1500 -7.8977 -8.3448 -7.7714 -7.5488 -7.3742 -5.7483 -5.0652 -4.0016 -3.6648 -3.2144
22.2059 22.1555 22.1222 22.0538 21.8169 21.7491 21.6846 21.6472 21.6412 21.5844 21.5563 21.5340 21.5175 21.4983 -0.4200 -2.0914 -4.0182 -6.3378 -8.0617 -8.4744 -7.8582 -7.6185 -7.4451 -5.8066 -5.1210 -4.0464 -3.7072 -3.2513
22.0904 22.0356 22.0045 21.9373 21.7116 21.6437 21.5814 21.5448 21.5389 21.4835 21.4576 21.4338 21.4173 21.3982 -0.4196 -2.1094 -4.0882 -6.3968 -8.0397 -8.4182 -7.7739 -7.5202 -7.3531 -5.7490 -5.0830 -4.0277 -3.6946 -3.2455
21.9449 21.8863 21.8583 21.7930 21.5829 21.5157 21.4563 21.4213 21.4154 21.3622 21.3390 21.3142 21.2981 21.2793 -0.4175 -2.1043 -4.1014 -6.3639 -7.8795 -8.2110 -7.5549 -7.2975 -7.1365 -5.6024 -4.9734 -3.9606 -3.6401 -3.2069
21.7848 21.7234 21.6989 21.6359 21.4432 21.3779 21.3220 21.2886 21.2829 21.2322 21.2119 21.1865 21.1709 21.1526 -0.4143 -2.0803 -4.0612 -6.2421 -7.6093 -7.8979 -7.2477 -6.9939 -6.8434 -5.4023 -4.8197 -3.8640 -3.5600 -3.1483
21.6227 21.5600 21.5390 21.4780 21.3035 21.2403 21.1880 21.1563 21.1508 21.1026 21.0852 21.0596 21.0447 21.0272 -0.4105 -2.0418 -3.9836 -6.0492 -7.2630 -7.5213 -6.8942 -6.6518 -6.5088 -5.1776 -4.6470 -3.7541 -3.4683 -3.0806
21.4669 21.4043 21.3866 21.3274 21.1703 21.1095 21.0605 21.0304 21.0250 20.9792 20.9645 20.9392 20.9253 20.9086 -0.4063 -1.9931 -3.8681 -5.8207 -6.8872 -7.1149 -6.5254 -6.2936 -6.1628 -4.9456 -4.4717 -3.6417 -3.3748 -3.0112
21.3229 21.2615 21.2466 21.1890 21.0477 20.9895 20.9434 20.9148 20.9095 20.8657 20.8536 20.8289 20.8160 20.8002 -0.4021 -1.9384 -3.7356 -5.5527 -6.4864 -6.7049 -6.1634 -5.9403 -5.8193 -4.7208 -4.3040 -3.5337 -3.2850 -2.9445
21.1939 21.1343 21.1220 21.0655 20.9385 20.8829 20.8394 20.8120 20.8068 20.7648 20.7549 20.7309 20.7190 20.7040 -0.3981 -1.8821 -3.5998 -5.2761 -6.0992 -6.3139 -5.8255 -5.6097 -5.4999 -4.5148 -4.1517 -3.4351 -3.2029 -2.8836
21.0835 21.0261 21.0157 20.9602 20.8451 20.7920 20.7507 20.7242 20.7192 20.6786 20.6705 20.6474 20.6363 20.6222 -0.3945 -1.8285 -3.4610 -5.0202 -5.7467 -5.9626 -5.5271 -5.3185 -5.2199 -4.3351 -4.0202 -3.3500 -3.1318 -2.8306
20.9951 20.9398 20.9308 20.8762 20.7706 20.7193 20.6797 20.6540 20.6489 20.6094 20.6028 20.5805 20.5704 20.5570 -0.3915 -1.7823 -3.3382 -4.8004 -5.4527 -5.6715 -5.2831 -5.0839 -4.9914 -4.1904 -3.9140 -3.2813 -3.0741 -2.7880
20.9328 20.8792 20.8710 20.8170 20.7182 20.6683 20.6298 20.6046 20.5996 20.5608 20.5553 20.5336 20.5240 20.5111 -0.3893 -1.7479 -3.2426 -4.6316 -5.2335 -5.4613 -5.1086 -4.9158 -4.8283 -4.0879 -3.8391 -3.2328 -3.0332 -2.7578
20.9006 20.8479 20.8400 20.7864 20.6908 20.6419 20.6040 20.5791 20.5741 20.5357 20.5307 20.5093 20.5000 20.4873 -0.3882 -1.7295 -3.1920 -4.5401 -5.1188 -5.3506 -5.0173 -4.8254 -4.7431 -4.0346 -3.8001 -3.2078 -3.0120 -2.7422
19.6774 19.6798 19.6782 19.6865 19.6955 19.6955 19.6985 19.6971 19.6966 19.6942 19.6930 19.6926 19.6906 19.6849 -0.2005 -0.1059 0.0217 0.1425 0.2402 0.2289 0.3376 0.3652 0.3610 0.2831 0.2179 0.0445 -0.0051 -0.1338
19.6868 19.6893 19.6878 19.6959 19.7047 19.7046 19.7073 19.7058 19.7053 19.7027 19.7015 19.7011 19.6990 19.6932 -0.2006 -0.1064 0.0325 0.1453 0.2477 0.2359 0.3448 0.3757 0.3720 0.2880 0.2232 0.0469 -0.0027 -0.1327
19.7057 19.7085 19.7069 19.7148 19.7230 19.7227 19.7249 19.7233 19.7228 19.7198 19.7185 19.7179 19.7157 19.7096 -0.2008 -0.1075 0.0399 0.1612 0.2683 0.2518 0.3597 0.3934 0.3926 0.2974 0.2322 0.0507 0.0014 -0.1308
19.7339 19.7370 19.7353 19.7430 19.7500 19.7493 19.7508 19.7490 19.7484 19.7450 19.7435 19.7429 19.7407 19.7343 -0.2012 -0.1094 0.0431 0.1729 0.2859 0.2793 0.3836 0.4213 0.4222 0.3100 0.2438 0.0552 0.0061 -0.1291
19.7716 19.7752 19.7733 19.7806 19.7860 19.7851 19.7856 19.7836 19.7830 19.7790 19.7772 19.7766 19.7743 19.7676 -0.2018 -0.1123 0.0477 0.1849 0.3092 0.3216 0.4178 0.4630 0.4581 0.3274 0.2575 0.0594 0.0105 -0.1283
19.8192 19.8233 19.8214 19.8278 19.8316 19.8303 19.8298 19.8276 19.8269 19.8221 19.8200 19.8193 19.8169 19.8098 -0.2026 -0.1164 0.0576 0.2114 0.3537 0.3822 0.4641 0.5128 0.5047 0.3492 0.2715 0.0630 0.0143 -0.1288
19.8783 19.8829 19.8806 19.8863 19.8874 19.8860 19.8843 19.8817 19.8810 19.8753 19.8727 19.8719 19.8694 19.8619 -0.2038 -0.1220 0.0679 0.2536 0.4206 0.4647 0.5239 0.5738 0.5665 0.3756 0.2862 0.0649 0.0165 -0.1314
19.9493 19.9545 19.9519 19.9564 19.9550 19.9528 19.9498 19.9469 19.9461 19.9394 19.9362 19.9352 19.9326 19.9248 -0.2054 -0.1293 0.0781 0.3038 0.5028 0.5713 0.5978 0.6472 0.6378 0.4029 0.3029 0.0640 0.0168 -0.1364
20.0348 20.0406 20.0367 20.0404 20.0347 20.0321 20.0275 20.0242 20.0233 20.0154 20.0115 20.0103 20.0075 19.9993 -0.2073 -0.1386 0.0864 0.3634 0.6022 0.6993 0.6823 0.7270 0.7144 0.4288 0.3179 0.0590 0.0137 -0.1452
20.1348 20.1412 20.1352 20.1384 20.1271 20.1234 20.1171 20.1132 20.1123 20.1030 20.0983 20.0968 20.0938 20.0854 -0.2097 -0.1509 0.0859 0.4198 0.7019 0.8337 0.7641 0.8029 0.7873 0.4462 0.3234 0.0453 0.0027 -0.1603
20.2468 20.2536 20.2451 20.2478 20.2293 20.2244 20.2162 20.2116 20.2106 20.1996 20.1940 20.1921 20.1891 20.1804 -0.2125 -0.1678 0.0750 0.4509 0.7663 0.9367 0.8123 0.8470 0.8289 0.4368 0.3041 0.0146 -0.0241 -0.1880
20.3657 20.3729 20.3619 20.3636 20.3372 20.3308 20.3204 20.3151 20.3139 20.3010 20.2942 20.2918 20.2885 20.2796 -0.2156 -0.1917 0.0367 0.4332 0.7604 0.9519 0.7811 0.8128 0.7927 0.3740 0.2388 -0.0465 -0.0785 -0.2367
20.4901 20.4975 20.4843 20.4842 20.4493 20.4411 20.4282 20.4219 20.4205 20.4054 20.3973 20.3941 20.3904 20.3812 -0.2191 -0.2247 -0.0341 0.3373 0.6410 0.8348 0.6338 0.6619 0.6433 0.2317 0.1116 -0.1487 -0.1702 -0.3136
20.6234 20.6307 20.6156 20.6130 20.5679 20.5575 20.5416 20.5341 20.5325 20.5148 20.5051 20.5008 20.4965 20.4871 -0.2230 -0.2683 -0.1443 0.1528 0.3868 0.5551 0.3451 0.3714 0.3586 -0.0033 -0.0914 -0.2998 -0.3061 -0.4235
20.7715 20.7784 20.7615 20.7555 20.6974 20.6841 20.6647 20.6558 20.6539 20.6332 20.6215 20.6159 20.6111 20.6014 -0.2272 -0.3239 -0.3004 -0.1337 -0.0246 0.0888 -0.1053 -0.0823 -0.0845 -0.3435 -0.3803 -0.5060 -0.4915 -0.5702
20.9402 20.9462 20.9282 20.9175 20.8428 20.8258 20.8024 20.7917 20.7894 20.7651 20.7511 20.7439 20.7385 20.7289 -0.2318 -0.3926 -0.5042 -0.5348 -0.6130 -0.5838 -0.7341 -0.7124 -0.6982 -0.7963 -0.7645 -0.7731 -0.7316 -0.7573
21.1337 21.1383 21.1199 21.1029 21.0074 20.9860 20.9577 20.9449 20.9422 20.9137 20.8970 20.8880 20.8820 20.8725 -0.2369 -0.4743 -0.7613 -1.0541 -1.3891 -1.4677 -1.5452 -1.5234 -1.4912 -1.3631 -1.2462 -1.1016 -1.0273 -0.9853
21.3478 21.3505 21.3330 21.3079 21.1881 21.1619 21.1279 21.1128 21.1098 21.0766 21.0569 21.0457 21.0390 21.0298 -0.2422 -0.5660 -1.0592 -1.6670 -2.3180 -2.5242 -2.5039 -2.4835 -2.4307 -2.0233 -1.8061 -1.4785 -1.3669 -1.2457
21.5641 21.5646 21.5497 21.5148 21.3702 21.3390 21.2994 21.2819 21.2784 21.2406 21.2179 21.2045 21.1973 21.1886 -0.2475 -0.6589 -1.3641 -2.3089 -3.2951 -3.6316 -3.5025 -3.4862 -3.4128 -2.7051 -2.3833 -1.8657 -1.7170 -1.5132
21.7535 21.7518 21.7395 21.6959 21.5293 21.4936 21.4492 21.4297 21.4260 21.3842 21.3589 21.3436 21.3361 21.3281 -0.2524 -0.7391 -1.6279 -2.8606 -4.1379 -4.6006 -4.3732 -4.3647 -4.2705 -3.2985 -2.8862 -2.2045 -2.0242 -1.7477
21.8949 21.8910 21.8809 21.8309 21.6479 21.6090 21.5612 21.5404 21.5364 21.4920 21.4648 21.4483 21.4409 21.4338 -0.2565 -0.7974 -1.8201 -3.2577 -4.7413 -5.3048 -5.0039 -5.0014 -4.8915 -3.7296 -3.2539 -2.4545 -2.2522 -1.9227
21.9785 21.9728 21.9643 21.9106 21.7187 21.6780 21.6284 21.6070 21.6030 21.5576 21.5294 21.5123 21.5053 21.4993 -0.2597 -0.8298 -1.9254 -3.4711 -5.0632 -5.6941 -5.3501 -5.3496 -5.2325 -3.9700 -3.4613 -2.6006 -2.3870 -2.0279
22.0007 21.9934 21.9863 21.9315 21.7391 21.6981 21.6485 21.6274 21.6236 21.5786 21.5504 21.5333 21.5270 21.5220 -0.2618 -0.8349 -1.9423 -3.4997 -5.1012 -5.7582 -5.4022 -5.4021 -5.2883 -4.0124 -3.5033 -2.6391 -2.4258 -2.0613
21.9607 21.9521 21.9461 21.8929 21.7078 21.6686 21.6209 21.6007 21.5972 21.5543 21.5271 21.5108 21.5051 21.5012 -0.2629 -0.8127 -1.8669 -3.3443 -4.8628 -5.5003 -5.1631 -5.1650 -5.0622 -3.8588 -3.3823 -2.5707 -2.3698 -2.0236
21.8599 21.8501 21.8458 21.7958 21.6267 21.5906 21.5464 21.5277 21.5247 21.4854 21.4601 21.4453 21.4405 21.4378 -0.2629 -0.7641 -1.7034 -3.0124 -4.3584 -4.9361 -4.6465 -4.6517 -4.5638 -3.5196 -3.1053 -2.4000 -2.2238 -1.9184
21.7075 21.6967 21.6947 21.6492 21.5030 21.4715 21.4322 21.4156 21.4132 21.3787 21.3560 21.3434 21.3395 21.3380 -0.2620 -0.6931 -1.4749 -2.5255 -3.6268 -4.1131 -3.8955 -3.9021 -3.8400 -3.0219 -2.6963 -2.1434 -2.0012 -1.7564
21.5263 21.5146 21.5151 21.4748 21.3550 21.3289 21.2953 21.2810 21.2793 21.2502 21.2306 21.2205 21.2176 21.2173 -0.2607 -0.6096 -1.1977 -1.9645 -2.7793 -3.1414 -3.0099 -3.0215 -2.9846 -2.4333 -2.2116 -1.8373 -1.7338 -1.5612
21.3488 21.3364 21.3395 21.3041 21.2096 21.1887 21.1606 21.1485 21.1475 21.1236 21.1069 21.0993 21.0977 21.0984 -0.2597 -0.5282 -0.9260 -1.4010 -1.9341 -2.1808 -2.1345 -2.1487 -2.1368 -1.8515 -1.7304 -1.5343 -1.4678 -1.3680
21.1954 21.1823 21.1879 21.1565 21.0843 21.0680 21.0446 21.0344 21.0340 21.0145 21.0002 20.9949 20.9943 20.9959 -0.2594 -0.4583 -0.6866 -0.9012 -1.1919 -1.3357 -1.3639 -1.3800 -1.3890 -1.3389 -1.3066 -1.2685 -1.2345 -1.1993
21.0727 21.0590 21.0671 21.0386 20.9848 20.9718 20.9523 20.9436 20.9436 20.9275 20.9152 20.9118 20.9120 20.9144 -0.2600 -0.4032 -0.4965 -0.4905 -0.5885 -0.6434 -0.7320 -0.7503 -0.7786 -0.9185 -0.9577 -1.0521 -1.0451 -1.0638
20.9811 20.9668 20.9765 20.9505 20.9105 20.9004 20.8838 20.8761 20.8765 20.8628 20.8521 20.8501 20.8509 20.8537 -0.2615 -0.3634 -0.3431 -0.1728 -0.1210 -0.1057 -0.2404 -0.2596 -0.3006 -0.5909 -0.6865 -0.8861 -0.9006 -0.9620
20.9181 20.9034 20.9142 20.8900 20.8597 20.8517 20.8371 20.8302 20.8307 20.8186 20.8088 20.8080 20.8091 20.8122 -0.2640 -0.3381 -0.2342 0.0705 0.2298 0.2863 0.1185 0.0965 0.0466 -0.3512 -0.4879 -0.7680 -0.7982 -0.8925
20.8818 20.8668 20.8776 20.8553 20.8305 20.8237 20.8104 20.8037 20.8044 20.7928 20.7837 20.7837 20.7849 20.7882 -0.2674 -0.3270 -0.1530 0.2217 0.4510 0.5419 0.3529 0.3305 0.2747 -0.1936 -0.3600 -0.6955 -0.7356 -0.8534
20.8701 20.8551 20.8650 20.8443 20.8213 20.8145 20.8016 20.7949 20.7956 20.7838 20.7749 20.7755 20.7768 20.7801 -0.2717 -0.3306 -0.1037 0.3049 0.5669 0.6664 0.4674 0.4441 0.3884 -0.1171 -0.2987 -0.6672 -0.7115 -0.8435
20.8820 20.8669 20.8749 20.8556 20.8304 20.8231 20.8099 20.8027 20.8033 20.7905 20.7815 20.7823 20.7837 20.7868 -0.2771 -0.3509 -0.1034 0.3198 0.5809 0.6597 0.4613 0.4394 0.3850 -0.1212 -0.3062 -0.6842 -0.7274 -0.8638
20.9155 20.9000 20.9064 20.8871 20.8574 20.8487 20.8344 20.8264 20.8269 20.8125 20.8030 20.8037 20.8048 20.8074 -0.2837 -0.3916 -0.1544 0.2257 0.4530 0.5160 0.3282 0.3111 0.2604 -0.2131 -0.3870 -0.7497 -0.7864 -0.9174
20.9714 20.9553 20.9598 20.9394 20.9021 20.8917 20.8756 20.8663 20.8666 20.8501 20.8398 20.8401 20.8404 20.8422 -0.2916 -0.4557 -0.2616 0.0300 0.1914 0.2279 0.0608 0.0486 0.0085 -0.3977 -0.5457 -0.8675 -0.8919 -1.0069
21.0519 21.0347 21.0369 21.0142 20.9659 20.9533 20.9345 20.9236 20.9236 20.9044 20.8929 20.8923 20.8916 20.8921 -0.3010 -0.5452 -0.4227 -0.2666 -0.2044 -0.2128 -0.3487 -0.3522 -0.3806 -0.6793 -0.7876 -1.0402 -1.0462 -1.1338
21.1592 21.1407 21.1399 21.1138 21.0509 21.0346 21.0121 20.9992 20.9987 20.9763 20.9631 20.9615 20.9597 20.9586 -0.3120 -0.6615 -0.6572 -0.6681 -0.7440 -0.8153 -0.9083 -0.9000 -0.9152 -1.0640 -1.1161 -1.2706 -1.2511 -1.2995
21.2961 21.2759 21.2711 21.2409 21.1587 21.1377 21.1106 21.0950 21.0940 21.0678 21.0525 21.0495 21.0462 21.0432 -0.3247 -0.8058 -0.9592 -1.1970 -1.4492 -1.5881 -1.6254 -1.6012 -1.5945 -1.5569 -1.5340 -1.5605 -1.5084 -1.5050
21.4628 21.4406 21.4313 21.3957 21.2900 21.2631 21.2304 21.2116 21.2099 21.1791 21.1614 21.1565 21.1514 21.1460 -0.3391 -0.9778 -1.3375 -1.8474 -2.3212 -2.5306 -2.4989 -2.4576 -2.4260 -2.1551 -2.0390 -1.9091 -1.8165 -1.7497
21.6538 21.6295 21.6147 21.5730 21.4397 21.4063 21.3671 21.3445 21.3421 21.3060 21.2856 21.2785 21.2711 21.2630 -0.3548 -1.1723 -1.7840 -2.6086 -3.3424 -3.6126 -3.5004 -3.4375 -3.3768 -2.8407 -2.6153 -2.3058 -2.1661 -2.0257
21.8506 21.8238 21.8039 21.7551 21.5928 21.5525 21.5064 21.4799 21.4767 21.4352 21.4120 21.4024 21.3926 21.3817 -0.3708 -1.3754 -2.2590 -3.4186 -4.4231 -4.7499 -4.5507 -4.4584 -4.3696 -3.5595 -3.2183 -2.7203 -2.5312 -2.3134
22.0250 21.9955 21.9710 21.9153 21.7264 21.6790 21.6265 21.5965 21.5924 21.5458 21.5201 21.5081 21.4963 21.4828 -0.3855 -1.5655 -2.7098 -4.1842 -5.4410 -5.8158 -5.5308 -5.4089 -5.2906 -4.2289 -3.7813 -3.1076 -2.8725 -2.5824
22.1573 22.1248 22.0964 22.0351 21.8238 21.7703 21.7125 21.6794 21.6746 21.6238 21.5961 21.5818 21.5684 21.5529 -0.3976 -1.7286 -3.0991 -4.8518 -6.3151 -6.7242 -6.3597 -6.2056 -6.0687 -4.7935 -4.2586 -3.4367 -3.1633 -2.8122
22.2388 22.2029 22.1715 22.1062 21.8786 21.8198 21.7582 21.7228 21.7175 21.6635 21.6345 21.6182 21.6037 21.5867 -0.4069 -1.8595 -3.4145 -5.3870 -6.9996 -7.4379 -7.0029 -6.8215 -6.6669 -5.2339 -4.6310 -3.6949 -3.3919 -2.9940
22.2665 22.2268 22.1936 22.1259 21.8890 21.8262 21.7623 21.7255 21.7198 21.6637 21.6344 21.6161 21.6009 21.5829 -0.4134 -1.9582 -3.6630 -5.7891 -7.4970 -7.9447 -7.4494 -7.2485 -7.0816 -5.5404 -4.8922 -3.8783 -3.5552 -3.1252
22.2396 22.1958 22.1625 22.0936 21.8553 21.7898 21.7252 21.6878 21.6819 21.6251 21.5963 21.5763 21.5606 21.5420 -0.4172 -2.0260 -3.8385 -6.0624 -7.7989 -8.2410 -7.6966 -7.4795 -7.3077 -5.7103 -5.0410 -3.9863 -3.6526 -3.2054
22.1607 22.1124 22.0801 22.0117 21.7792 21.7124 21.6488 21.6118 21.6058 21.5495 21.5221 21.5005 21.4846 21.4658 -0.4185 -2.0651 -3.9465 -6.2085 -7.9000 -8.3299 -7.7482 -7.5147 -7.3462 -5.7468 -5.0798 -4.0202 -3.6857 -3.2352
22.0356 21.9828 21.9529 21.8861 21.6661 21.5996 21.5383 21.5024 21.4965 21.4418 21.4169 21.3939 21.3779 21.3592 -0.4177 -2.0782 -3.9943 -6.2330 -7.8190 -8.2287 -7.6222 -7.3754 -7.2125 -5.6620 -5.0197 -3.9870 -3.6608 -3.2199
21.8788 21.8219 21.7956 21.7308 21.5281 21.4626 21.4047 21.3705 21.3647 21.3125 21.2904 21.2664 21.2508 21.2325 -0.4152 -2.0693 -3.9965 -6.1661 -7.6040 -7.9789 -7.3615 -7.1093 -6.9565 -5.4872 -4.8862 -3.9045 -3.5931 -3.1712
21.7114 21.6516 21.6289 21.5666 21.3823 21.3187 21.2645 21.2320 21.2264 21.1769 21.1580 21.1333 21.1183 21.1006 -0.4118 -2.0432 -3.9529 -6.0332 -7.3137 -7.6401 -7.0285 -6.7818 -6.6374 -5.2696 -4.7179 -3.7982 -3.5045 -3.1061
21.5472 21.4860 21.4669 21.4067 21.2409 21.1794 21.1288 21.0980 21.0926 21.0456 21.0296 21.0047 20.9905 20.9735 -0.4079 -2.0039 -3.8688 -5.8470 -6.9773 -7.2562 -6.6676 -6.4312 -6.2978 -5.0405 -4.5416 -3.6858 -3.4107 -3.0369
21.3932 21.3321 21.3161 21.2577 21.1090 21.0498 21.0025 20.9733 20.9680 20.9233 20.9100 20.8853 20.8720 20.8558 -0.4037 -1.9553 -3.7631 -5.6052 -6.5982 -6.8548 -6.3037 -6.0788 -5.9561 -4.8120 -4.3694 -3.5759 -3.3191 -2.9692
21.2522 21.1923 21.1791 21.1221 20.9889 20.9324 20.8879 20.8600 20.8548 20.8121 20.8012 20.7771 20.7647 20.7494 -0.3996 -1.9013 -3.6374 -5.3525 -6.2270 -6.4556 -5.9522 -5.7354 -5.6228 -4.5943 -4.2078 -3.4720 -3.2328 -2.9054
21.1267 21.0687 21.0576 21.0019 20.8823 20.8284 20.7863 20.7596 20.7545 20.7134 20.7046 20.6813 20.6698 20.6553 -0.3957 -1.8458 -3.4998 -5.0925 -5.8629 -6.0763 -5.6257 -5.4165 -5.3134 -4.3963 -4.0614 -3.3776 -3.1543 -2.8474
21.0186 20.9629 20.9533 20.8988 20.7909 20.7393 20.6993 20.6734 20.6684 20.6286 20.6217 20.5991 20.5885 20.5748 -0.3922 -1.7926 -3.3655 -4.8499 -5.5363 -5.7340 -5.3361 -5.1334 -5.0415 -4.2224 -3.9348 -3.2960 -3.0861 -2.7967
20.9306 20.8771 20.8689 20.8150 20.7168 20.6671 20.6287 20.6036 20.5986 20.5599 20.5544 20.5326 20.5228 20.5098 -0.3892 -1.7459 -3.2484 -4.6271 -5.2462 -5.4460 -5.0958 -4.9030 -4.8169 -4.0806 -3.8312 -3.2290 -3.0297 -2.7553
20.8676 20.8158 20.8081 20.7551 20.6634 20.6153 20.5781 20.5534 20.5485 20.5105 20.5060 20.4849 20.4756 20.4630 -0.3870 -1.7101 -3.1507 -4.4496 -5.0218 -5.2325 -4.9197 -4.7333 -4.6521 -3.9777 -3.7564 -3.1806 -2.9890 -2.7252
20.8340 20.7833 20.7760 20.7232 20.6355 20.5878 20.5512 20.5268 20.5219 20.4842 20.4803 20.4596 20.4506 20.4383 -0.3858 -1.6905 -3.0989 -4.3490 -4.8950 -5.1178 -4.8257 -4.6401 -4.5638 -3.9232 -3.7169 -3.1552 -2.9675 -2.7095
19.6475 19.6495 19.6484 19.6564 19.6667 19.6671 19.6710 19.6697 19.6693 19.6675 19.6665 19.6662 19.6645 19.6593 -0.2003 -0.1049 0.0247 0.1321 0.2214 0.2066 0.3137 0.3368 0.3333 0.2635 0.2008 0.0351 -0.0151 -0.1392
19.6563 19.6585 19.6579 19.6654 19.6759 19.6761 19.6796 19.6783 19.6778 19.6758 19.6747 19.6744 19.6727 19.6673 -0.2003 -0.1053 0.0277 0.1399 0.2312 0.2110 0.3191 0.3463 0.3422 0.2682 0.2061 0.0375 -0.0125 -0.1378
19.6747 19.6771 19.6763 19.6838 19.6934 19.6934 19.6964 19.6950 19.6945 19.6921 19.6910 19.6906 19.6887 19.6831 -0.2005 -0.1063 0.0367 0.1465 0.2423 0.2221 0.3307 0.3597 0.3598 0.2765 0.2145 0.0413 -0.0083 -0.1357
19.7014 19.7042 19.7032 19.7105 19.7188 19.7187 19.7209 19.7193 19.7188 19.7159 19.7146 19.7142 19.7123 19.7064 -0.2008 -0.1083 0.0402 0.1555 0.2574 0.2437 0.3499 0.3825 0.3847 0.2870 0.2245 0.0449 -0.0041 -0.1345
19.7365 19.7397 19.7389 19.7455 19.7529 19.7522 19.7536 19.7518 19.7512 19.7477 19.7461 19.7457 19.7438 19.7376 -0.2014 -0.1114 0.0427 0.1653 0.2764 0.2786 0.3781 0.4192 0.4151 0.3006 0.2354 0.0476 -0.0012 -0.1347
19.7811 19.7849 19.7839 19.7899 19.7954 19.7945 19.7949 19.7929 19.7922 19.7880 19.7861 19.7856 19.7837 19.7771 -0.2022 -0.1157 0.0495 0.1868 0.3138 0.3306 0.4174 0.4625 0.4547 0.3188 0.2462 0.0493 0.0007 -0.1367
19.8357 19.8400 19.8391 19.8439 19.8477 19.8466 19.8458 19.8435 19.8428 19.8377 19.8354 19.8347 19.8328 19.8258 -0.2034 -0.1215 0.0565 0.2235 0.3728 0.4048 0.4708 0.5161 0.5103 0.3411 0.2577 0.0495 0.0014 -0.1404
19.9024 19.9074 19.9059 19.9098 19.9112 19.9097 19.9077 19.9049 19.9042 19.8981 19.8953 19.8945 19.8923 19.8849 -0.2049 -0.1287 0.0659 0.2704 0.4535 0.5082 0.5425 0.5867 0.5797 0.3676 0.2733 0.0480 0.0012 -0.1461
19.9836 19.9892 19.9869 19.9897 19.9878 19.9856 19.9821 19.9790 19.9782 19.9710 19.9675 19.9665 19.9643 19.9565 -0.2068 -0.1375 0.0760 0.3340 0.5624 0.6475 0.6364 0.6767 0.6655 0.3986 0.2925 0.0456 0.0006 -0.1531
20.0826 20.0889 20.0844 20.0868 20.0794 20.0765 20.0714 20.0678 20.0669 20.0584 20.0541 20.0528 20.0504 20.0424 -0.2091 -0.1479 0.0832 0.4080 0.6898 0.8191 0.7488 0.7837 0.7675 0.4337 0.3127 0.0406 -0.0024 -0.1626
20.1964 20.2032 20.1961 20.1981 20.1837 20.1796 20.1726 20.1684 20.1674 20.1574 20.1521 20.1506 20.1481 20.1399 -0.2119 -0.1618 0.0843 0.4730 0.8066 0.9813 0.8462 0.8764 0.8574 0.4538 0.3176 0.0245 -0.0160 -0.1806
20.3136 20.3209 20.3111 20.3124 20.2905 20.2851 20.2760 20.2710 20.2699 20.2581 20.2517 20.2497 20.2471 20.2386 -0.2150 -0.1828 0.0587 0.4815 0.8395 1.0434 0.8557 0.8846 0.8607 0.4166 0.2734 -0.0233 -0.0585 -0.2204
20.4309 20.4384 20.4267 20.4262 20.3969 20.3898 20.3784 20.3726 20.3713 20.3574 20.3498 20.3471 20.3441 20.3353 -0.2184 -0.2129 -0.0011 0.4083 0.7523 0.9620 0.7414 0.7660 0.7443 0.2974 0.1647 -0.1134 -0.1394 -0.2893
20.5537 20.5611 20.5476 20.5449 20.5067 20.4977 20.4835 20.4767 20.4751 20.4589 20.4498 20.4461 20.4426 20.4336 -0.2221 -0.2533 -0.0993 0.2475 0.5343 0.7191 0.4874 0.5109 0.4941 0.0861 -0.0177 -0.2510 -0.2633 -0.3904
20.6901 20.6972 20.6819 20.6761 20.6264 20.6149 20.5976 20.5894 20.5876 20.5685 20.5576 20.5527 20.5486 20.5394 -0.2262 -0.3055 -0.2424 -0.0143 0.1629 0.2938 0.0754 0.0963 0.0885 -0.2273 -0.2837 -0.4424 -0.4354 -0.5271
20.8492 20.8555 20.8389 20.8289 20.7641 20.7489 20.7277 20.7178 20.7157 20.6932 20.6801 20.6737 20.6691 20.6598 -0.2307 -0.3713 -0.4380 -0.3941 -0.3924 -0.3459 -0.5221 -0.5030 -0.4945 -0.6583 -0.6495 -0.6971 -0.6646 -0.7060
21.0409 21.0458 21.0287 21.0126 20.9272 20.9077 20.8816 20.8697 20.8671 20.8405 20.8248 20.8164 20.8112 20.8020 -0.2357 -0.4534 -0.6959 -0.9197 -1.1771 -1.2392 -1.3393 -1.3194 -1.2947 -1.2276 -1.1330 -1.0266 -0.9609 -0.9345
21.2684 21.2713 21.2552 21.2305 21.1187 21.0941 21.0621 21.0476 21.0446 21.0130 20.9941 20.9834 20.9774 20.9685 -0.2413 -0.5519 -1.0159 -1.5911 -2.1964 -2.3939 -2.3832 -2.3670 -2.3150 -1.9423 -1.7384 -1.4324 -1.3266 -1.2141
21.5112 21.5116 21.4979 21.4627 21.3222 21.2915 21.2530 21.2358 21.2324 21.1954 21.1731 21.1600 21.1534 21.1450 -0.2470 -0.6570 -1.3679 -2.3306 -3.3302 -3.6738 -3.5336 -3.5199 -3.4452 -2.7233 -2.3984 -1.8729 -1.7241 -1.5170
21.7152 21.7132 21.7022 21.6576 21.4931 21.4574 21.4136 21.3942 21.3904 21.3492 21.3240 21.3089 21.3019 21.2942 -0.2521 -0.7446 -1.6583 -2.9443 -4.2724 -4.7409 -4.4916 -4.4870 -4.3885 -3.3742 -2.9497 -2.2422 -2.0590 -1.7722
21.8589 21.8550 21.8459 21.7950 21.6138 21.5747 21.5274 21.5066 21.5026 21.4586 21.4315 21.4151 21.4082 21.4013 -0.2564 -0.8048 -1.8554 -3.3538 -4.8948 -5.4622 -5.1385 -5.1402 -5.0254 -3.8161 -3.3266 -2.4985 -2.2923 -1.9513
21.9411 21.9354 21.9276 21.8733 21.6837 21.6426 21.5936 21.5723 21.5683 21.5232 21.4951 21.4781 21.4716 21.4656 -0.2596 -0.8372 -1.9576 -3.5602 -5.2045 -5.8379 -5.4739 -5.4780 -5.3551 -4.0501 -3.5282 -2.6409 -2.4237 -2.0541
21.9630 21.9559 21.9491 21.8940 21.7039 21.6629 21.6139 21.5928 21.5889 21.5443 21.5163 21.4992 21.4932 21.4881 -0.2619 -0.8425 -1.9707 -3.5828 -5.2320 -5.8889 -5.5157 -5.5186 -5.4007 -4.0865 -3.5647 -2.6761 -2.4591 -2.0853
21.9237 21.9153 21.9091 21.8561 21.6734 21.6341 21.5870 21.5668 21.5632 21.5207 21.4935 21.4772 21.4717 21.4676 -0.2631 -0.8205 -1.8957 -3.4203 -4.9811 -5.6213 -5.2688 -5.2735 -5.1665 -3.9283 -3.4395 -2.6050 -2.4007 -2.0457
21.8188 21.8094 21.8046 21.7552 21.5891 21.5532 21.5097 21.4911 21.4880 21.4491 21.4240 21.4091 21.4044 21.4014 -0.2631 -0.7699 -1.7290 -3.0721 -4.4525 -5.0268 -4.7256 -4.7339 -4.6426 -3.5714 -3.1475 -2.4249 -2.2460 -1.9341
21.6494 21.6391 21.6367 21.5923 21.4516 21.4205 21.3823 21.3660 21.3636 21.3299 21.3077 21.2953 21.2916 21.2898 -0.2618 -0.6913 -1.4668 -2.5384 -3.6431 -4.1137 -3.8936 -3.9030 -3.8391 -3.0195 -2.6939 -2.1388 -1.9973 -1.7525
21.4405 21.4295 21.4300 21.3913 21.2804 21.2556 21.2238 21.2101 21.2085 21.1809 21.1622 21.1526 21.1502 21.1496 -0.2599 -0.5956 -1.1559 -1.8860 -2.6602 -2.9992 -2.8792 -2.8936 -2.8589 -2.3450 -2.1374 -1.7863 -1.6885 -1.5266
21.2491 21.2374 21.2409 21.2072 21.1235 21.1043 21.0784 21.0671 21.0661 21.0441 21.0285 21.0216 21.0205 21.0211 -0.2586 -0.5082 -0.8677 -1.2833 -1.7553 -1.9627 -1.9362 -1.9522 -1.9458 -1.7177 -1.6190 -1.4591 -1.4009 -1.3174
21.0974 21.0850 21.0910 21.0613 20.9996 20.9850 20.9637 20.9543 20.9539 20.9363 20.9232 20.9185 20.9183 20.9197 -0.2584 -0.4394 -0.6305 -0.7855 -1.0144 -1.1180 -1.1672 -1.1843 -1.1991 -1.2068 -1.1964 -1.1941 -1.1682 -1.1494
20.9832 20.9701 20.9786 20.9514 20.9073 20.8959 20.8783 20.8703 20.8704 20.8559 20.8447 20.8417 20.8423 20.8444 -0.2592 -0.3887 -0.4438 -0.4005 -0.4462 -0.4627 -0.5699 -0.5890 -0.6220 -0.8101 -0.8676 -0.9906 -0.9901 -1.0224
20.9013 20.8876 20.8977 20.8727 20.8412 20.8324 20.8174 20.8105 20.8109 20.7987 20.7888 20.7871 20.7882 20.7907 -0.2610 -0.3538 -0.3094 -0.0995 -0.0099 0.0305 -0.1197 -0.1398 -0.1837 -0.5112 -0.6196 -0.8399 -0.8593 -0.9308
20.8469 20.8327 20.8435 20.8204 20.7975 20.7908 20.7776 20.7714 20.7720 20.7611 20.7521 20.7514 20.7525 20.7553 -0.2637 -0.3327 -0.2031 0.1122 0.3005 0.3839 0.2033 0.1811 0.1273 -0.2965 -0.4417 -0.7351 -0.7688 -0.8703
20.8167 20.8022 20.8133 20.7916 20.7740 20.7680 20.7560 20.7499 20.7507 20.7403 20.7318 20.7318 20.7330 20.7359 -0.2671 -0.3239 -0.1383 0.2586 0.5082 0.6124 0.4125 0.3899 0.3321 -0.1565 -0.3276 -0.6717 -0.7143 -0.8373
20.8093 20.7949 20.8048 20.7850 20.7683 20.7624 20.7507 20.7446 20.7453 20.7345 20.7263 20.7267 20.7280 20.7309 -0.2714 -0.3267 -0.1045 0.3346 0.6144 0.7242 0.5157 0.4924 0.4334 -0.0862 -0.2720 -0.6470 -0.6934 -0.8296
20.8224 20.8081 20.8162 20.7979 20.7788 20.7723 20.7602 20.7536 20.7543 20.7423 20.7340 20.7346 20.7359 20.7386 -0.2766 -0.3433 -0.0917 0.3375 0.6151 0.7193 0.5123 0.4894 0.4327 -0.0869 -0.2763 -0.6614 -0.7070 -0.8479
20.8539 20.8394 20.8457 20.8277 20.8041 20.7962 20.7831 20.7757 20.7763 20.7626 20.7538 20.7544 20.7555 20.7579 -0.2828 -0.3796 -0.1332 0.2628 0.5054 0.5873 0.3915 0.3726 0.3217 -0.1685 -0.3491 -0.7215 -0.7613 -0.8975
20.9047 20.8895 20.8943 20.8750 20.8446 20.8350 20.8202 20.8117 20.8120 20.7963 20.7867 20.7869 20.7875 20.7891 -0.2903 -0.4392 -0.2311 0.0811 0.2616 0.3196 0.1440 0.1304 0.0864 -0.3389 -0.4962 -0.8316 -0.8602 -0.9819
20.9780 20.9615 20.9643 20.9427 20.9022 20.8904 20.8730 20.8630 20.8630 20.8448 20.8341 20.8336 20.8334 20.8339 -0.2992 -0.5232 -0.3919 -0.1952 -0.1103 -0.0922 -0.2378 -0.2450 -0.2768 -0.6019 -0.7236 -0.9941 -1.0059 -1.1022
21.0767 21.0587 21.0590 21.0341 20.9797 20.9647 20.9439 20.9320 20.9316 20.9103 20.8981 20.8966 20.8954 20.8945 -0.3097 -0.6332 -0.6142 -0.5838 -0.6272 -0.6602 -0.7647 -0.7602 -0.7801 -0.9649 -1.0340 -1.2125 -1.2007 -1.2601
21.2062 21.1864 21.1830 21.1540 21.0811 21.0617 21.0365 21.0220 21.0211 20.9961 20.9819 20.9791 20.9766 20.9740 -0.3218 -0.7717 -0.9092 -1.0951 -1.3107 -1.4027 -1.4531 -1.4331 -1.4327 -1.4372 -1.4363 -1.4920 -1.4492 -1.4588
21.3716 21.3499 21.3418 21.3075 21.2111 21.1859 21.1551 21.1374 21.1358 21.1062 21.0897 21.0850 21.0807 21.0759 -0.3360 -0.9419 -1.2858 -1.7512 -2.1913 -2.3410 -2.3226 -2.2876 -2.2596 -2.0335 -1.9395 -1.8394 -1.7563 -1.7027
21.5740 21.5501 21.5365 21.4956 21.3699 21.3383 21.3006 21.2790 21.2766 21.2416 21.2222 21.2152 21.2085 21.2008 -0.3524 -1.1443 -1.7520 -2.5508 -3.2686 -3.4727 -3.3714 -3.3132 -3.2557 -2.7515 -2.5438 -2.2550 -2.1223 -1.9912
21.7928 21.7667 21.7473 21.6988 21.5415 21.5022 21.4570 21.4312 21.4279 21.3870 21.3646 21.3551 21.3458 21.3351 -0.3697 -1.3630 -2.2626 -3.4224 -4.4400 -4.6991 -4.5081 -4.4180 -4.3296 -3.5315 -3.1983 -2.7046 -2.5177 -2.3023
21.9784 21.9499 21.9257 21.8700 21.6846 21.6381 21.5863 21.5567 21.5525 21.5063 21.4814 21.4694 21.4579 21.4444 -0.3850 -1.5601 -2.7214 -4.2073 -5.4839 -5.8005 -5.5257 -5.4055 -5.2879 -4.2297 -3.7865 -3.1094 -2.8745 -2.5834
22.1101 22.0789 22.0509 21.9896 21.7820 21.7293 21.6722 21.6396 21.6348 21.5843 21.5574 21.5433 21.5303 21.5148 -0.3971 -1.7200 -3.0925 -4.8420 -6.3152 -6.6887 -6.3408 -6.1903 -6.0527 -4.7892 -4.2604 -3.4369 -3.1643 -2.8126
22.1863 22.1521 22.1214 22.0561 21.8330 21.7753 21.7145 21.6797 21.6743 21.6207 21.5927 21.5767 21.5627 21.5458 -0.4059 -1.8432 -3.3858 -5.3271 -6.9406 -7.3598 -6.9494 -6.7728 -6.6195 -5.2089 -4.6177 -3.6857 -3.3851 -2.9888
22.2086 22.1712 22.1391 22.0712 21.8397 21.7783 21.7153 21.6791 21.6734 21.6178 21.5894 21.5717 21.5570 21.5393 -0.4119 -1.9334 -3.6050 -5.6856 -7.3784 -7.8218 -7.3596 -7.1670 -7.0009 -5.4944 -4.8631 -3.8592 -3.5400 -3.1139
22.1773 22.1363 22.1041 22.0351 21.8029 21.7388 21.6753 21.6386 21.6327 21.5764 21.5485 21.5293 21.5142 21.4960 -0.4153 -1.9932 -3.7512 -5.9110 -7.6175 -8.0747 -7.5721 -7.3643 -7.1956 -5.6440 -4.9969 -3.9580 -3.6296 -3.1882
22.0917 22.0466 22.0156 21.9472 21.7216 21.6568 21.5944 21.5581 21.5521 21.4965 21.4702 21.4495 21.4342 21.4159 -0.4162 -2.0249 -3.8301 -6.0032 -7.6481 -8.1147 -7.5826 -7.3593 -7.1955 -5.6561 -5.0165 -3.9798 -3.6524 -3.2103
21.9532 21.9034 21.8754 21.8089 21.5978 21.5333 21.4737 21.4387 21.4329 21.3792 21.3557 21.3337 21.3185 21.3004 -0.4148 -2.0311 -3.8501 -5.9752 -7.4779 -7.9501 -7.3981 -7.1605 -7.0071 -5.5333 -4.9255 -3.9264 -3.6102 -3.1818
21.7773 21.7227 21.6990 21.6350 21.4438 21.3806 21.3250 21.2920 21.2864 21.2357 21.2155 21.1924 21.1778 21.1602 -0.4117 -2.0168 -3.8277 -5.8777 -7.1963 -7.6320 -7.0697 -6.8295 -6.6849 -5.3123 -4.7532 -3.8182 -3.5204 -3.1161
21.5992 21.5414 21.5216 21.4603 21.2889 21.2279 21.1763 21.1453 21.1398 21.0921 21.0752 21.0514 21.0374 21.0205 -0.4079 -1.9876 -3.7763 -5.7236 -6.8753 -7.2574 -6.7006 -6.4638 -6.3334 -5.0697 -4.5641 -3.6986 -3.4204 -3.0423
21.4335 21.3744 21.3580 21.2989 21.1461 21.0873 21.0393 21.0099 21.0046 20.9595 20.9455 20.9215 20.9082 20.8920 -0.4039 -1.9470 -3.7002 -5.5310 -6.5432 -6.8658 -6.3331 -6.1077 -5.9855 -4.8372 -4.3851 -3.5849 -3.3253 -2.9725
21.2822 21.2233 21.2101 21.1525 21.0166 20.9601 20.9152 20.8872 20.8820 20.8391 20.8277 20.8040 20.7916 20.7762 -0.3999 -1.8978 -3.5863 -5.3101 -6.1983 -6.4692 -5.9760 -5.7610 -5.6512 -4.6144 -4.2185 -3.4790 -3.2372 -2.9077
21.1457 21.0883 21.0772 21.0213 20.9002 20.8461 20.8038 20.7771 20.7720 20.7308 20.7217 20.6986 20.6870 20.6725 -0.3959 -1.8437 -3.4655 -5.0573 -5.8404 -6.0794 -5.6355 -5.4302 -5.3275 -4.4052 -4.0644 -3.3804 -3.1555 -2.8476
21.0241 20.9688 20.9595 20.9048 20.7969 20.7454 20.7054 20.6797 20.6747 20.6350 20.6279 20.6055 20.5947 20.5810 -0.3921 -1.7885 -3.3399 -4.8043 -5.5014 -5.7113 -5.3208 -5.1226 -5.0297 -4.2158 -3.9254 -3.2912 -3.0813 -2.7931
20.9190 20.8660 20.8580 20.8044 20.7078 20.6587 20.6207 20.5958 20.5908 20.5523 20.5470 20.5254 20.5153 20.5023 -0.3886 -1.7356 -3.2204 -4.5680 -5.1903 -5.3791 -5.0415 -4.8492 -4.7669 -4.0498 -3.8045 -3.2136 -3.0164 -2.7452
20.8315 20.7809 20.7738 20.7211 20.6341 20.5867 20.5502 20.5260 20.5210 20.4835 20.4796 20.4588 20.4495 20.4371 -0.3856 -1.6877 -3.1024 -4.3538 -4.9173 -5.0932 -4.8047 -4.6230 -4.5454 -3.9108 -3.7033 -3.1485 -2.9615 -2.7051
20.7651 20.7165 20.7098 20.6580 20.5782 20.5325 20.4971 20.4733 20.4684 20.4316 20.4288 20.4087 20.3998 20.3878 -0.3832 -1.6486 -2.9968 -4.1685 -4.6858 -4.8686 -4.6213 -4.4468 -4.3740 -3.8038 -3.6270 -3.0989 -2.9198 -2.6744
20.7288 20.6813 20.6748 20.6235 20.5475 20.5028 20.4681 20.4445 20.4396 20.4032 20.4010 20.3813 20.3726 20.3609 -0.3819 -1.6262 -2.9352 -4.0643 -4.5557 -4.7424 -4.5191 -4.3454 -4.2777 -3.7450 -3.5851 -3.0720 -2.8969 -2.6576
19.6076 19.6090 19.6089 19.6162 19.6286 19.6294 19.6345 19.6336 19.6332 19.6322 19.6315 19.6313 19.6301 19.6256 -0.2001 -0.1041 0.0186 0.1279 0.2060 0.1841 0.2848 0.3024 0.2978 0.2358 0.1761 0.0202 -0.0308 -0.1481
19.6168 19.6185 19.6185 19.6256 19.6379 19.6384 19.6431 19.6421 19.6417 19.6405 19.6397 19.6395 19.6383 19.6336 -0.2001 -0.1043 0.0265 0.1264 0.2069 0.1843 0.2880 0.3088 0.3058 0.2402 0.1820 0.0234 -0.0273 -0.1461
19.6346 19.6366 19.6366 19.6436 19.6550 19.6554 19.6595 19.6583 19.6578 19.6562 19.6553 19.6551 19.6537 19.6488 -0.2002 -0.1051 0.0309 0.1332 0.2155 0.1885 0.2951 0.3179 0.3184 0.2484 0.1903 0.0277 -0.0222 -0.1431
19.6599 19.6623 19.6623 19.6690 19.6792 19.6793 19.6826 19.6813 19.6808 19.6786 19.6776 19.6774 19.6761 19.6708 -0.2004 -0.1071 0.0332 0.1354 0.2217 0.2026 0.3082 0.3342 0.3371 0.2560 0.1981 0.0304 -0.0188 -0.1425
19.6933 19.6961 19.6962 19.7023 19.7113 19.7111 19.7136 19.7120 19.7115 19.7088 19.7074 19.7072 19.7059 19.7003 -0.2010 -0.1103 0.0338 0.1408 0.2346 0.2272 0.3284 0.3634 0.3608 0.2654 0.2061 0.0314 -0.0174 -0.1439
19.7351 19.7384 19.7387 19.7439 19.7518 19.7510 19.7526 19.7507 19.7501 19.7467 19.7450 19.7448 19.7435 19.7376 -0.2017 -0.1149 0.0382 0.1537 0.2601 0.2655 0.3574 0.3974 0.3910 0.2783 0.2126 0.0308 -0.0174 -0.1473
19.7863 19.7901 19.7904 19.7946 19.8005 19.7998 19.8003 19.7981 19.7975 19.7932 19.7911 19.7908 19.7895 19.7831 -0.2028 -0.1210 0.0435 0.1806 0.3069 0.3236 0.3991 0.4383 0.4346 0.2953 0.2192 0.0285 -0.0191 -0.1529
19.8475 19.8520 19.8524 19.8551 19.8597 19.8585 19.8577 19.8552 19.8544 19.8492 19.8467 19.8462 19.8448 19.8380 -0.2042 -0.1284 0.0497 0.2201 0.3756 0.4122 0.4603 0.4984 0.4935 0.3159 0.2306 0.0247 -0.0213 -0.1601
19.9227 19.9279 19.9273 19.9292 19.9308 19.9293 19.9272 19.9243 19.9235 19.9172 19.9140 19.9133 19.9118 19.9046 -0.2060 -0.1369 0.0596 0.2811 0.4821 0.5499 0.5539 0.5881 0.5797 0.3472 0.2498 0.0225 -0.0217 -0.1672
20.0187 20.0246 20.0220 20.0235 20.0206 20.0181 20.0144 20.0111 20.0102 20.0027 19.9988 19.9979 19.9963 19.9888 -0.2084 -0.1454 0.0735 0.3773 0.6436 0.7616 0.6990 0.7288 0.7137 0.4011 0.2849 0.0264 -0.0164 -0.1708
20.1388 20.1454 20.1401 20.1412 20.1311 20.1277 20.1222 20.1183 20.1174 20.1084 20.1036 20.1025 20.1008 20.0932 -0.2112 -0.1547 0.0956 0.4960 0.8410 1.0207 0.8755 0.9014 0.8797 0.4672 0.3277 0.0327 -0.0097 -0.1741
20.2532 20.2603 20.2526 20.2529 20.2359 20.2313 20.2238 20.2193 20.2183 20.2076 20.2018 20.2003 20.1984 20.1906 -0.2142 -0.1725 0.0835 0.5347 0.9177 1.1293 0.9261 0.9503 0.9245 0.4568 0.3050 -0.0015 -0.0399 -0.2049
20.3595 20.3668 20.3573 20.3561 20.3330 20.3271 20.3174 20.3121 20.3109 20.2984 20.2915 20.2894 20.2872 20.2790 -0.2174 -0.1997 0.0335 0.4808 0.8604 1.0782 0.8406 0.8621 0.8358 0.3572 0.2133 -0.0805 -0.1109 -0.2665
20.4671 20.4746 20.4633 20.4600 20.4302 20.4228 20.4108 20.4045 20.4031 20.3884 20.3801 20.3772 20.3745 20.3659 -0.2210 -0.2365 -0.0515 0.3469 0.6844 0.8783 0.6265 0.6457 0.6256 0.1738 0.0539 -0.2030 -0.2212 -0.3576
20.5862 20.5936 20.5804 20.5748 20.5358 20.5262 20.5114 20.5040 20.5023 20.4851 20.4753 20.4712 20.4679 20.4590 -0.2249 -0.2840 -0.1790 0.1206 0.3691 0.5137 0.2697 0.2875 0.2740 -0.1021 -0.1809 -0.3740 -0.3752 -0.4810
20.7279 20.7347 20.7200 20.7108 20.6592 20.6463 20.6280 20.6191 20.6171 20.5969 20.5851 20.5796 20.5758 20.5668 -0.2292 -0.3446 -0.3529 -0.2210 -0.1223 -0.0550 -0.2637 -0.2477 -0.2466 -0.4902 -0.5105 -0.6054 -0.5832 -0.6441
20.9080 20.9135 20.8981 20.8834 20.8130 20.7960 20.7731 20.7623 20.7599 20.7357 20.7214 20.7141 20.7096 20.7007 -0.2341 -0.4232 -0.5976 -0.7164 -0.8624 -0.9020 -1.0382 -1.0212 -1.0035 -1.0308 -0.9692 -0.9186 -0.8652 -0.8618
21.1481 21.1515 21.1367 21.1133 21.0146 20.9920 20.9628 20.9493 20.9464 20.9170 20.8994 20.8896 20.8843 20.8757 -0.2398 -0.5280 -0.9392 -1.4411 -1.9651 -2.1481 -2.1610 -2.1471 -2.1018 -1.7955 -1.6162 -1.3509 -1.2543 -1.1589
21.4386 21.4389 21.4269 21.3911 21.2563 21.2264 21.1894 21.1725 21.1691 21.1332 21.1114 21.0987 21.0927 21.0846 -0.2463 -0.6552 -1.3727 -2.3643 -3.3838 -3.7387 -3.5856 -3.5774 -3.4982 -2.7547 -2.4266 -1.8874 -1.7380 -1.5259
21.6540 21.6520 21.6425 21.5969 21.4364 21.4011 21.3584 21.3391 21.3353 21.2947 21.2699 21.2550 21.2486 21.2411 -0.2517 -0.7494 -1.6864 -3.0298 -4.4071 -4.8910 -4.6200 -4.6199 -4.5157 -3.4563 -3.0200 -2.2842 -2.0971 -1.7995
21.7918 21.7880 21.7801 21.7286 21.5524 21.5139 21.4677 21.4471 21.4431 21.3998 21.3732 21.3570 21.3507 21.3439 -0.2560 -0.8081 -1.8764 -3.4177 -4.9991 -5.5773 -5.2373 -5.2432 -5.1233 -3.8799 -3.3811 -2.5300 -2.3211 -1.9717
21.8695 21.8641 21.8571 21.8028 21.6191 21.5787 21.5310 21.5099 21.5058 21.4616 21.4341 21.4172 21.4112 21.4052 -0.2593 -0.8387 -1.9682 -3.6011 -5.2710 -5.9134 -5.5387 -5.5466 -5.4209 -4.0922 -3.5642 -2.6607 -2.4416 -2.0664
21.8924 21.8858 21.8793 21.8246 21.6409 21.6001 21.5525 21.5317 21.5277 21.4839 21.4564 21.4395 21.4339 21.4286 -0.2618 -0.8444 -1.9816 -3.6137 -5.2815 -5.9496 -5.5688 -5.5758 -5.4535 -4.1216 -3.5938 -2.6916 -2.4732 -2.0946
21.8591 21.8514 21.8452 21.7926 21.6157 21.5767 21.5307 21.5108 21.5072 21.4652 21.4386 21.4222 21.4171 21.4127 -0.2632 -0.8248 -1.9104 -3.4604 -5.0418 -5.6928 -5.3330 -5.3406 -5.2290 -3.9710 -3.4745 -2.6243 -2.4181 -2.0575
21.7598 21.7511 21.7460 21.6972 21.5363 21.5004 21.4579 21.4396 21.4364 21.3980 21.3732 21.3583 21.3539 21.3506 -0.2633 -0.7762 -1.7454 -3.1194 -4.5195 -5.1104 -4.8012 -4.8119 -4.7164 -3.6218 -3.1884 -2.4480 -2.2667 -1.9483
21.5760 21.5665 21.5638 21.5205 21.3868 21.3563 21.3195 21.3036 21.3012 21.2684 21.2467 21.2344 21.2310 21.2288 -0.2617 -0.6907 -1.4673 -2.5381 -3.6386 -4.1178 -3.8969 -3.9082 -3.8429 -3.0213 -2.6938 -2.1356 -1.9944 -1.7492
21.3174 21.3073 21.3079 21.2717 21.1739 21.1509 21.1218 21.1091 21.1075 21.0821 21.0648 21.0559 21.0542 21.0534 -0.2588 -0.5728 -1.0817 -1.7542 -2.4562 -2.7517 -2.6544 -2.6699 -2.6414 -2.1936 -2.0110 -1.7004 -1.6121 -1.4685
21.1147 21.1040 21.1078 21.0767 21.0073 20.9905 20.9675 20.9574 20.9565 20.9369 20.9229 20.9169 20.9165 20.9168 -0.2573 -0.4804 -0.7767 -1.1112 -1.4951 -1.6475 -1.6509 -1.6671 -1.6694 -1.5266 -1.4591 -1.3514 -1.3048 -1.2447
20.9739 20.9625 20.9687 20.9412 20.8926 20.8802 20.8616 20.8533 20.8530 20.8375 20.8258 20.8217 20.8221 20.8232 -0.2574 -0.4166 -0.5520 -0.6406 -0.7960 -0.8481 -0.9239 -0.9413 -0.9633 -1.0436 -1.0599 -1.1015 -1.0855 -1.0868
20.8737 20.8615 20.8703 20.8448 20.8123 20.8026 20.7873 20.7803 20.7804 20.7679 20.7579 20.7552 20.7563 20.7580 -0.2585 -0.3727 -0.3893 -0.2878 -0.2803 -0.2588 -0.3871 -0.4052 -0.4449 -0.6877 -0.7645 -0.9199 -0.9269 -0.9745
20.8041 20.7911 20.8014 20.7778 20.7565 20.7492 20.7362 20.7302 20.7306 20.7200 20.7111 20.7097 20.7110 20.7131 -0.2606 -0.3440 -0.2648 -0.0264 0.0989 0.1754 0.0089 -0.0116 -0.0590 -0.4259 -0.5475 -0.7890 -0.8137 -0.8961
20.7589 20.7453 20.7565 20.7343 20.7208 20.7152 20.7038 20.6983 20.6989 20.6896 20.6815 20.6808 20.6823 20.6846 -0.2634 -0.3278 -0.1830 0.1662 0.3738 0.4829 0.2898 0.2684 0.2113 -0.2399 -0.3930 -0.7001 -0.7370 -0.8461
20.7355 20.7216 20.7328 20.7121 20.7027 20.6980 20.6875 20.6823 20.6831 20.6741 20.6664 20.6663 20.6678 20.6701 -0.2670 -0.3222 -0.1245 0.2814 0.5441 0.6798 0.4696 0.4477 0.3876 -0.1200 -0.2960 -0.6478 -0.6925 -0.8207
20.7327 20.7189 20.7290 20.7100 20.7012 20.6963 20.6861 20.6807 20.6815 20.6719 20.6644 20.6646 20.6661 20.6685 -0.2712 -0.3247 -0.0884 0.3484 0.6372 0.7769 0.5591 0.5368 0.4757 -0.0592 -0.2475 -0.6274 -0.6756 -0.8159
20.7481 20.7348 20.7428 20.7258 20.7140 20.7085 20.6977 20.6919 20.6926 20.6814 20.6739 20.6742 20.6756 20.6779 -0.2761 -0.3352 -0.0760 0.3692 0.6550 0.7773 0.5625 0.5406 0.4811 -0.0515 -0.2455 -0.6370 -0.6848 -0.8303
20.7769 20.7634 20.7699 20.7531 20.7372 20.7304 20.7187 20.7121 20.7126 20.6997 20.6918 20.6921 20.6934 20.6954 -0.2820 -0.3670 -0.1070 0.2988 0.5533 0.6592 0.4558 0.4361 0.3824 -0.1223 -0.3092 -0.6909 -0.7340 -0.8757
20.8217 20.8073 20.8125 20.7945 20.7726 20.7641 20.7509 20.7433 20.7436 20.7287 20.7202 20.7201 20.7210 20.7223 -0.2891 -0.4225 -0.1991 0.1377 0.3345 0.4147 0.2304 0.2145 0.1675 -0.2782 -0.4447 -0.7933 -0.8265 -0.9551
20.8860 20.8703 20.8737 20.8536 20.8224 20.8123 20.7967 20.7878 20.7878 20.7707 20.7611 20.7605 20.7606 20.7610 -0.2975 -0.5010 -0.3428 -0.1204 -0.0061 0.0390 -0.1180 -0.1283 -0.1645 -0.5196 -0.6541 -0.9443 -0.9626 -1.0680
20.9734 20.9559 20.9572 20.9339 20.8903 20.8771 20.8585 20.8478 20.8474 20.8276 20.8166 20.8151 20.8145 20.8137 -0.3073 -0.6032 -0.5514 -0.4722 -0.4734 -0.4797 -0.5993 -0.5986 -0.6251 -0.8521 -0.9405 -1.1469 -1.1441 -1.2157
21.0899 21.0706 21.0686 21.0414 20.9809 20.9636 20.9409 20.9279 20.9270 20.9037 20.8911 20.8883 20.8866 20.8843 -0.3186 -0.7321 -0.8242 -0.9484 -1.1067 -1.1651 -1.2347 -1.2217 -1.2278 -1.2909 -1.3149 -1.4076 -1.3766 -1.4022
21.2456 21.2243 21.2182 21.1856 21.1028 21.0801 21.0521 21.0360 21.0345 21.0068 20.9919 20.9875 20.9842 20.9798 -0.3322 -0.8945 -1.1898 -1.5759 -1.9522 -2.0616 -2.0651 -2.0369 -2.0189 -1.8605 -1.7979 -1.7412 -1.6719 -1.6370
21.4580 21.4346 21.4226 21.3833 21.2699 21.2402 21.2050 21.1849 21.1826 21.1492 21.1314 21.1247 21.1190 21.1118 -0.3489 -1.1028 -1.6797 -2.4082 -3.0760 -3.2359 -3.1543 -3.1019 -3.0516 -2.6067 -2.4261 -2.1730 -2.0518 -1.9363
21.7173 21.6921 21.6732 21.6255 21.4752 21.4371 21.3933 21.3683 21.3650 21.3250 21.3038 21.2943 21.2855 21.2748 -0.3687 -1.3512 -2.2581 -3.3963 -4.4000 -4.6281 -4.4508 -4.3628 -4.2768 -3.4981 -3.1746 -2.6865 -2.5026 -2.2900
21.9112 21.8839 21.8602 21.8050 21.6258 21.5803 21.5296 21.5007 21.4965 21.4512 21.4274 21.4155 21.4045 21.3909 -0.3846 -1.5533 -2.7189 -4.1799 -5.4468 -5.7485 -5.4917 -5.3743 -5.2575 -4.2167 -3.7811 -3.1048 -2.8714 -2.5807
22.0342 22.0045 21.9777 21.9167 21.7164 21.6651 21.6094 21.5777 21.5729 21.5234 21.4978 21.4840 21.4716 21.4562 -0.3961 -1.7038 -3.0598 -4.7665 -6.2183 -6.5835 -6.2613 -6.1150 -5.9805 -4.7483 -4.2337 -3.4189 -3.1499 -2.8016
22.1014 22.0692 22.0401 21.9750 21.7604 21.7044 21.6452 21.6114 21.6060 21.5536 21.5269 21.5113 21.4982 21.4816 -0.4042 -1.8159 -3.3158 -5.2017 -6.7789 -7.2006 -6.8232 -6.6549 -6.5038 -5.1395 -4.5685 -3.6530 -3.3583 -2.9684
22.1185 22.0834 22.0532 21.9855 21.7631 21.7036 21.6423 21.6071 21.6014 21.5470 21.5199 21.5029 21.4891 21.4719 -0.4096 -1.8963 -3.5071 -5.5175 -7.1694 -7.6216 -7.1996 -7.0150 -6.8562 -5.4040 -4.7985 -3.8166 -3.5049 -3.0874
22.0853 22.0472 22.0171 21.9480 21.7251 21.6631 21.6012 21.5655 21.5596 21.5044 21.4778 21.4594 21.4453 21.4278 -0.4125 -1.9481 -3.6264 -5.7039 -7.3672 -7.8436 -7.3889 -7.1918 -7.0297 -5.5408 -4.9234 -3.9100 -3.5900 -3.1586
21.9978 21.9562 21.9274 21.8589 21.6427 21.5802 21.5194 21.4841 21.4781 21.4235 21.3986 21.3789 21.3646 21.3471 -0.4130 -1.9723 -3.6794 -5.7554 -7.3450 -7.8474 -7.3725 -7.1615 -7.0058 -5.5382 -4.9330 -3.9259 -3.6079 -3.1772
21.8462 21.8001 21.7746 21.7083 21.5084 21.4466 21.3891 21.3553 21.3495 21.2972 21.2752 21.2544 21.2403 21.2231 -0.4110 -1.9705 -3.6684 -5.6796 -7.0979 -7.6118 -7.1247 -6.9038 -6.7562 -5.3756 -4.8103 -3.8520 -3.5481 -3.1352
21.6373 21.5852 21.5651 21.5021 21.3268 21.2667 21.2142 21.1829 21.1774 21.1290 21.1111 21.0892 21.0759 21.0593 -0.4069 -1.9489 -3.6334 -5.5342 -6.7191 -7.1858 -6.6868 -6.4603 -6.3294 -5.0788 -4.5735 -3.7013 -3.4218 -3.0413
21.4484 21.3927 21.3768 21.3167 21.1625 21.1049 21.0567 21.0275 21.0221 20.9769 20.9625 20.9398 20.9272 20.9114 -0.4028 -1.9166 -3.5773 -5.3668 -6.3732 -6.7775 -6.2843 -6.0615 -5.9436 -4.8139 -4.3661 -3.5698 -3.3115 -2.9599
21.2845 21.2279 21.2153 21.1571 21.0213 20.9659 20.9211 20.8934 20.8883 20.8454 20.8339 20.8111 20.7992 20.7841 -0.3988 -1.8735 -3.4930 -5.1705 -6.0481 -6.3807 -5.9166 -5.7053 -5.5972 -4.5835 -4.1909 -3.4593 -3.2193 -2.8927
21.1372 21.0815 21.0715 21.0149 20.8954 20.8422 20.8003 20.7739 20.7688 20.7279 20.7189 20.6965 20.6854 20.6711 -0.3948 -1.8214 -3.3861 -4.9265 -5.6996 -5.9786 -5.5611 -5.3615 -5.2641 -4.3653 -4.0298 -3.3580 -3.1351 -2.8314
21.0038 20.9501 20.9418 20.8869 20.7818 20.7311 20.6917 20.6664 20.6614 20.6222 20.6154 20.5936 20.5832 20.5697 -0.3908 -1.7643 -3.2575 -4.6699 -5.3497 -5.5821 -5.2207 -5.0315 -4.9416 -4.1593 -3.8799 -3.2628 -3.0562 -2.7739
20.8846 20.8334 20.8264 20.7730 20.6806 20.6326 20.5953 20.5709 20.5660 20.5281 20.5233 20.5023 20.4925 20.4798 -0.3870 -1.7067 -3.1219 -4.4063 -5.0047 -5.2099 -4.9066 -4.7248 -4.6440 -3.9729 -3.7438 -3.1762 -2.9841 -2.7212
20.7818 20.7330 20.7269 20.6747 20.5935 20.5477 20.5122 20.4886 20.4836 20.4469 20.4438 20.4236 20.4144 20.4024 -0.3835 -1.6527 -2.9972 -4.1652 -4.6978 -4.8802 -4.6318 -4.4552 -4.3849 -3.8104 -3.6262 -3.1012 -2.9213 -2.6750
20.6941 20.6478 20.6424 20.5911 20.5197 20.4757 20.4418 20.4187 20.4138 20.3779 20.3763 20.3569 20.3483 20.3368 -0.3805 -1.6033 -2.8815 -3.9405 -4.4174 -4.5950 -4.3972 -4.2307 -4.1660 -3.6731 -3.5267 -3.0372 -2.8673 -2.6357
20.6197 20.5759 20.5703 20.5203 20.4568 20.4149 20.3822 20.3596 20.3547 20.3195 20.3191 20.3004 20.2922 20.2811 -0.3778 -1.5567 -2.7613 -3.7261 -4.1581 -4.3411 -4.1929 -4.0350 -3.9750 -3.5547 -3.4433 -2.9832 -2.8215 -2.6022
20.5764 20.5342 20.5289 20.4792 20.4209 20.3799 20.3479 20.3255 20.3206 20.2858 20.2862 20.2680 20.2601 20.2494 -0.3762 -1.5285 -2.6933 -3.5936 -3.9980 -4.1880 -4.0709 -3.9165 -3.8599 -3.4850 -3.3942 -2.9519 -2.7949 -2.5827
